"FamilyIdNode","resnonl_DEPL:0","resnonl_DEPL:1","resnonl_DEPL:2","resnonl_SIEF_NOEU:0","resnonl_SIEF_NOEU:1","resnonl_SIEF_NOEU:2","resnonl_SIEF_NOEU:3","resnonl_SIEQ_NOEU:0","resnonl_SIEQ_NOEU:1","resnonl_SIEQ_NOEU:2","resnonl_SIEQ_NOEU:3","resnonl_SIEQ_NOEU:4","resnonl_SIEQ_NOEU:5","resnonl_SIEQ_NOEU:6","resnonl_SIEQ_NOEU:7","resnonl_SIEQ_NOEU:8","resnonl_SIEQ_NOEU:9","resnonl_SIEQ_NOEU:10","resnonl_SIEQ_NOEU:11","resnonl_SIEQ_NOEU:12","resnonl_SIEQ_NOEU:13","resnonl_SIEQ_NOEU:14","resnonl_SIEQ_NOEU:15","resnonl_SIEQ_NOEU:16","ELGA@0","ELNO@resnonl_SIEF_ELNO","ELNO@resnonl_SIEQ_ELNO","ELNO@resnonl_SIGM_ELNO","FamilyIdCell","NumIdCell","vtkValidPointMask","arc_length","Points:0","Points:1","Points:2"
0,-1.573e-21,0.010084,-1261.9,-1635.2,-1927.5,-1068.8,368.94,990.04,1109.4,-2178.2,-1384.5,-1068.8,-990.04,-0.562,0.82714,0,0.82714,0.562,-1.0534e-18,2.6583e-19,-8.6977e-20,1,-4631.6,-1.5594,63,126,126,126,-1,22,1,0,0,0,0
0,-6.7738e-21,0.010112,0,-1245,-1780,-907.5,305.78,928.05,1009.5,-1919,-1104,-909.53,-928.05,-0.41291,0.91053,0,0.88157,0.40512,0.0298,0.028954,0.0077883,0.9702,-3932.5,-1.4118,6453,5806,5806,5806,-1,732,1,0.005,0,-0.005,0
0,-1.3423e-20,0.01014,0,-1231.4,-1771.1,-900.74,302.71,924.24,1002.6,-1907.3,-1091.2,-904.71,-924.24,-0.40827,0.91238,0,0.85486,0.39284,0.0592,0.057525,0.015428,0.9408,-3903.2,-1.4064,6453,5806,5806,5806,-1,732,1,0.01,0,-0.01,0
0,-1.9946e-20,0.010167,0,-1217.8,-1762.2,-893.99,299.65,920.47,995.75,-1895.5,-1078.6,-899.79,-920.47,-0.40365,0.91422,0,0.82851,0.38073,0.0882,0.085713,0.022918,0.9118,-3874,-1.401,6453,5806,5806,5806,-1,732,1,0.015,0,-0.015,0
0,-2.6345e-20,0.010194,0,-1204.2,-1753.2,-887.24,296.6,916.75,989.06,-1883.8,-1066.1,-894.78,-916.75,-0.39905,0.91604,0,0.80252,0.36879,0.1168,0.11352,0.030259,0.8832,-3844.7,-1.3954,6453,5806,5806,5806,-1,732,1,0.02,0,-0.02,0
0,-3.2619e-20,0.010222,0,-1190.6,-1744.3,-880.49,293.55,913.09,982.49,-1872.2,-1053.6,-889.68,-913.09,-0.39447,0.91783,0,0.77689,0.35701,0.145,0.14094,0.037451,0.855,-3815.5,-1.3898,6453,5806,5806,5806,-1,732,1,0.025,0,-0.025,0
0,-3.8768e-20,0.010249,0,-1177.1,-1735.4,-873.75,290.51,909.47,976.04,-1860.5,-1041.3,-884.48,-909.47,-0.3899,0.91961,0,0.75163,0.34541,0.1728,0.16798,0.044494,0.8272,-3786.2,-1.3841,6453,5806,5806,5806,-1,732,1,0.03,0,-0.03,0
0,-4.4792e-20,0.010276,0,-1163.5,-1726.5,-867.01,287.48,905.9,969.7,-1848.9,-1029,-879.18,-905.9,-0.38535,0.92137,0,0.72674,0.33397,0.2002,0.19463,0.051388,0.7998,-3757,-1.3783,6453,5806,5806,5806,-1,732,1,0.035,0,-0.035,0
0,-5.0691e-20,0.010303,0,-1150,-1717.5,-860.27,284.45,902.38,963.49,-1837.3,-1016.8,-873.79,-902.38,-0.38082,0.92311,0,0.7022,0.32269,0.2272,0.22091,0.058134,0.7728,-3727.8,-1.3724,6453,5806,5806,5806,-1,732,1,0.04,0,-0.04,0
0,-5.6465e-20,0.01033,0,-1136.5,-1708.6,-853.53,281.43,898.92,957.38,-1825.7,-1004.6,-868.31,-898.92,-0.37631,0.92483,0,0.67803,0.31158,0.2538,0.2468,0.06473,0.7462,-3698.6,-1.3664,6453,5806,5806,5806,-1,732,1,0.045,0,-0.045,0
0,-6.2114e-20,0.010357,0,-1123,-1699.6,-846.8,278.42,895.5,951.4,-1814.1,-992.59,-862.73,-895.5,-0.37182,0.92653,0,0.65423,0.30064,0.28,0.2723,0.071176,0.72,-3669.5,-1.3603,6453,5806,5806,5806,-1,732,1,0.05,0,-0.05,0
0,-6.7638e-20,0.010384,0,-1109.5,-1690.7,-840.07,275.41,892.13,945.53,-1802.6,-980.64,-857.06,-892.13,-0.36735,0.92821,0,0.63078,0.28987,0.3058,0.29742,0.077474,0.6942,-3640.3,-1.3542,6453,5806,5806,5806,-1,732,1,0.055,0,-0.055,0
0,-7.3038e-20,0.010411,0,-1096.1,-1681.7,-833.34,272.41,888.81,939.78,-1791.1,-968.77,-851.3,-888.81,-0.36289,0.92987,0,0.6077,0.27926,0.3312,0.32216,0.083623,0.6688,-3611.2,-1.348,6453,5806,5806,5806,-1,732,1,0.06,0,-0.06,0
0,-7.8312e-20,0.010438,0,-1082.6,-1672.7,-826.62,269.42,885.54,934.15,-1779.6,-956.98,-845.44,-885.54,-0.35845,0.93151,0,0.58499,0.26883,0.3562,0.34652,0.089623,0.6438,-3582,-1.3416,6453,5806,5806,5806,-1,732,1,0.065,0,-0.065,0
0,-8.3461e-20,0.010464,0,-1069.2,-1663.8,-819.9,266.44,882.32,928.64,-1768.1,-945.28,-839.49,-882.32,-0.35403,0.93313,0,0.56264,0.25855,0.3808,0.37049,0.095474,0.6192,-3552.9,-1.3352,6453,5806,5806,5806,-1,732,1,0.07,0,-0.07,0
0,-8.8485e-20,0.010491,0,-1055.8,-1654.8,-813.18,263.46,879.15,923.24,-1756.7,-933.66,-833.44,-879.15,-0.34962,0.93473,0,0.54065,0.24845,0.405,0.39409,0.10118,0.595,-3523.8,-1.3288,6453,5806,5806,5806,-1,732,1,0.075,0,-0.075,0
0,-9.3385e-20,0.010517,0,-1042.4,-1645.8,-806.46,260.49,876.03,917.96,-1745.3,-922.13,-827.29,-876.03,-0.34524,0.93631,0,0.51902,0.23851,0.4288,0.41729,0.10673,0.5712,-3494.7,-1.3222,6453,5806,5806,5806,-1,732,1,0.08,0,-0.08,0
0,-9.8159e-20,0.010544,0,-1029,-1636.8,-799.75,257.52,872.96,912.79,-1733.9,-910.68,-821.06,-872.96,-0.34087,0.93787,0,0.49776,0.22874,0.4522,0.44012,0.11213,0.5478,-3465.6,-1.3155,6453,5806,5806,5806,-1,732,1,0.085,0,-0.085,0
0,-1.0281e-19,0.01057,0,-1015.7,-1627.8,-793.04,254.56,869.94,907.75,-1722.5,-899.31,-814.73,-869.94,-0.33652,0.93942,0,0.47686,0.21914,0.4752,0.46256,0.11739,0.5248,-3436.5,-1.3088,6453,5806,5806,5806,-1,732,1,0.09,0,-0.09,0
0,-1.0733e-19,0.010596,0,-1002.3,-1618.8,-786.33,251.61,866.97,902.82,-1711.1,-888.03,-808.3,-866.97,-0.33219,0.94094,0,0.45632,0.2097,0.4978,0.48462,0.12249,0.5022,-3407.4,-1.3019,6453,5806,5806,5806,-1,732,1,0.095,0,-0.095,0
0,-1.1173e-19,0.010623,0,-989.01,-1609.8,-779.63,248.67,864.05,898,-1699.8,-876.83,-801.78,-864.05,-0.32788,0.94244,0,0.43615,0.20043,0.52,0.50629,0.12745,0.48,-3378.4,-1.295,6453,5806,5806,5806,-1,732,1,0.1,0,-0.1,0
0,-1.1601e-19,0.010649,0,-975.7,-1600.7,-772.93,245.73,861.18,893.31,-1688.5,-865.71,-795.17,-861.18,-0.32358,0.94392,0,0.41634,0.19133,0.5418,0.52758,0.13226,0.4582,-3349.4,-1.288,6453,5806,5806,5806,-1,732,1,0.105,0,-0.105,0
0,-1.2016e-19,0.010675,0,-962.41,-1591.7,-766.23,242.8,858.35,888.73,-1677.2,-854.68,-788.46,-858.35,-0.31931,0.94539,0,0.3969,0.18239,0.5632,0.54849,0.13691,0.4368,-3320.3,-1.2809,6453,5806,5806,5806,-1,732,1,0.11,0,-0.11,0
0,-1.2418e-19,0.010701,0,-949.13,-1582.6,-759.53,239.88,855.58,884.27,-1665.9,-843.73,-781.66,-855.58,-0.31505,0.94683,0,0.37782,0.17362,0.5842,0.56902,0.14142,0.4158,-3291.3,-1.2737,6453,5806,5806,5806,-1,732,1,0.115,0,-0.115,0
0,-1.2808e-19,0.010726,0,-935.87,-1573.6,-752.84,236.96,852.86,879.93,-1654.7,-832.87,-774.76,-852.86,-0.3108,0.94826,0,0.3591,0.16502,0.6048,0.58916,0.14578,0.3952,-3262.3,-1.2665,6453,5806,5806,5806,-1,732,1,0.12,0,-0.12,0
0,-1.3186e-19,0.010752,0,-922.63,-1564.5,-746.15,234.05,850.19,875.7,-1643.5,-822.09,-767.77,-850.19,-0.30658,0.94966,0,0.34074,0.15659,0.625,0.60892,0.15,0.375,-3233.3,-1.2591,6453,5806,5806,5806,-1,732,1,0.125,0,-0.125,0
0,-1.355e-19,0.010778,0,-909.4,-1555.5,-739.47,231.15,847.57,871.59,-1632.3,-811.39,-760.68,-847.57,-0.30238,0.95104,0,0.32275,0.14832,0.6448,0.62829,0.15406,0.3552,-3204.4,-1.2517,6453,5806,5806,5806,-1,732,1,0.13,0,-0.13,0
0,-1.3903e-19,0.010804,0,-896.19,-1546.4,-732.78,228.25,844.99,867.6,-1621.1,-800.78,-753.5,-844.99,-0.29819,0.95241,0,0.30512,0.14022,0.6642,0.64729,0.15797,0.3358,-3175.4,-1.2442,6453,5806,5806,5806,-1,732,1,0.135,0,-0.135,0
0,-1.4243e-19,0.010829,0,-883,-1537.3,-726.1,225.36,842.47,863.73,-1610,-790.25,-746.23,-842.47,-0.29402,0.95376,0,0.28786,0.13228,0.6832,0.6659,0.16173,0.3168,-3146.4,-1.2366,6453,5806,5806,5806,-1,732,1,0.14,0,-0.14,0
0,-1.457e-19,0.010855,0,-869.82,-1528.3,-719.42,222.48,840,859.97,-1598.8,-779.81,-738.86,-840,-0.28987,0.95508,0,0.27096,0.12452,0.7018,0.68412,0.16535,0.2982,-3117.5,-1.2289,6453,5806,5806,5806,-1,732,1,0.145,0,-0.145,0
0,-1.4885e-19,0.01088,0,-856.66,-1519.2,-712.75,219.61,837.57,856.33,-1587.7,-769.45,-731.4,-837.57,-0.28573,0.95639,0,0.25442,0.11692,0.72,0.70197,0.16882,0.28,-3088.6,-1.2211,6453,5806,5806,5806,-1,732,1,0.15,0,-0.15,0
0,-1.5188e-19,0.010905,0,-843.52,-1510.1,-706.08,216.74,835.2,852.81,-1576.6,-759.17,-723.84,-835.2,-0.28162,0.95767,0,0.23825,0.10948,0.7378,0.71943,0.17213,0.2622,-3059.7,-1.2133,6453,5806,5806,5806,-1,732,1,0.155,0,-0.155,0
0,-1.5478e-19,0.010931,0,-830.39,-1501,-699.41,213.88,832.87,849.4,-1565.6,-748.98,-716.19,-832.87,-0.27752,0.95894,0,0.22244,0.10222,0.7552,0.7365,0.1753,0.2448,-3030.8,-1.2053,6453,5806,5806,5806,-1,732,1,0.16,0,-0.16,0
0,-1.5755e-19,0.010956,0,-817.28,-1491.9,-692.74,211.02,830.6,846.11,-1554.6,-738.87,-708.44,-830.6,-0.27344,0.96019,0,0.20699,0.09512,0.7722,0.7532,0.17832,0.2278,-3001.9,-1.1973,6453,5806,5806,5806,-1,732,1,0.165,0,-0.165,0
0,-1.602e-19,0.010981,0,-804.18,-1482.7,-686.08,208.17,828.37,842.94,-1543.5,-728.84,-700.6,-828.37,-0.26938,0.96141,0,0.19191,0.088189,0.7888,0.76951,0.18119,0.2112,-2973,-1.1892,6453,5806,5806,5806,-1,732,1,0.17,0,-0.17,0
0,-1.6273e-19,0.011006,0,-791.1,-1473.6,-679.41,205.33,826.2,839.89,-1532.6,-718.9,-692.67,-826.2,-0.26534,0.96262,0,0.17719,0.081424,0.805,0.78544,0.18391,0.195,-2944.1,-1.1809,6453,5806,5806,5806,-1,732,1,0.175,0,-0.175,0
0,-1.6513e-19,0.011031,0,-778.04,-1464.5,-672.76,202.5,824.07,836.95,-1521.6,-709.04,-684.64,-824.07,-0.26131,0.96381,0,0.16283,0.074827,0.8208,0.80098,0.18648,0.1792,-2915.3,-1.1727,6453,5806,5806,5806,-1,732,1,0.18,0,-0.18,0
0,-1.674e-19,0.011056,0,-765,-1455.3,-666.1,199.67,822,834.13,-1510.7,-699.27,-676.52,-822,-0.2573,0.96498,0,0.14884,0.068397,0.8362,0.81614,0.18891,0.1638,-2886.4,-1.1643,6453,5806,5806,5806,-1,732,1,0.185,0,-0.185,0
0,-1.6955e-19,0.011081,0,-751.97,-1446.2,-659.45,196.85,819.97,831.43,-1499.7,-689.58,-668.3,-819.97,-0.25331,0.96613,0,0.13521,0.062133,0.8512,0.83092,0.19118,0.1488,-2857.6,-1.1558,6453,5806,5806,5806,-1,732,1,0.19,0,-0.19,0
0,-1.7158e-19,0.011105,0,-738.96,-1437,-652.8,194.04,817.99,828.85,-1488.8,-679.97,-659.99,-817.99,-0.24934,0.96726,0,0.12194,0.056037,0.8658,0.84531,0.1933,0.1342,-2828.8,-1.1473,6453,5806,5806,5806,-1,732,1,0.195,0,-0.195,0
0,-1.7348e-19,0.01113,0,-725.96,-1427.9,-646.15,191.23,816.07,826.38,-1478,-670.45,-651.58,-816.07,-0.24539,0.96836,0,0.10904,0.050107,0.88,0.85933,0.19528,0.12,-2800,-1.1386,6453,5806,5806,5806,-1,732,1,0.2,0,-0.2,0
0,-1.7525e-19,0.011154,0,-712.98,-1418.7,-639.51,188.43,814.19,824.03,-1467.1,-661.02,-643.08,-814.19,-0.24145,0.96945,0,0.096499,0.044345,0.8938,0.87296,0.19711,0.1062,-2771.2,-1.1299,6453,5806,5806,5806,-1,732,1,0.205,0,-0.205,0
0,-1.769e-19,0.011179,0,-700.02,-1409.5,-632.87,185.64,812.36,821.79,-1456.3,-651.66,-634.49,-812.36,-0.23753,0.97052,0,0.084323,0.03875,0.9072,0.8862,0.19878,0.0928,-2742.4,-1.1211,6453,5806,5806,5806,-1,732,1,0.21,0,-0.21,0
0,-1.7843e-19,0.011203,0,-687.07,-1400.4,-626.23,182.85,810.59,819.68,-1445.5,-642.39,-625.8,-810.59,-0.23363,0.97157,0,0.07251,0.033321,0.9202,0.89906,0.20031,0.0798,-2713.7,-1.1122,6453,5806,5806,5806,-1,732,1,0.215,0,-0.215,0
0,-1.7983e-19,0.011228,0,-674.14,-1391.2,-619.6,180.07,808.86,817.68,-1434.7,-633.2,-617.02,-808.86,-0.22975,0.9726,0,0.061061,0.02806,0.9328,0.91154,0.20169,0.0672,-2684.9,-1.1032,6453,5806,5806,5806,-1,732,1,0.22,0,-0.22,0
0,-1.8111e-19,0.011252,0,-661.23,-1382,-612.97,177.3,807.18,815.8,-1423.9,-624.1,-608.14,-807.18,-0.22589,0.97362,0,0.049976,0.022966,0.945,0.92364,0.20292,0.055,-2656.2,-1.0942,6453,5806,5806,5806,-1,732,1,0.225,0,-0.225,0
0,-1.8226e-19,0.011276,0,-648.33,-1372.8,-606.34,174.53,805.55,814.03,-1413.2,-615.08,-599.17,-805.55,-0.22204,0.97461,0,0.039254,0.018039,0.9568,0.93535,0.204,0.0432,-2627.5,-1.085,6453,5806,5806,5806,-1,732,1,0.23,0,-0.23,0
0,-1.8328e-19,0.0113,0,-635.46,-1363.6,-599.71,171.78,803.97,812.39,-1402.5,-606.15,-590.1,-803.97,-0.21821,0.97558,0,0.028895,0.013278,0.9682,0.94668,0.20494,0.0318,-2598.7,-1.0758,6453,5806,5806,5806,-1,732,1,0.235,0,-0.235,0
0,-1.8418e-19,0.011324,0,-622.59,-1354.4,-593.09,169.02,802.44,810.86,-1391.8,-597.3,-580.94,-802.44,-0.2144,0.97653,0,0.0189,0.0086853,0.9792,0.95763,0.20572,0.0208,-2570,-1.0665,6453,5806,5806,5806,-1,732,1,0.24,0,-0.24,0
0,-1.8496e-19,0.011348,0,-609.75,-1345.1,-586.47,166.28,800.97,809.44,-1381.1,-588.53,-571.69,-800.97,-0.21061,0.97746,0,0.0092682,0.0042591,0.9898,0.96819,0.20635,0.0102,-2541.4,-1.057,6453,5806,5806,5806,-1,732,1,0.245,0,-0.245,0
0,-1.8561e-19,0.011372,0,-596.92,-1335.9,-579.85,163.54,799.54,808.15,-1370.5,-579.85,-562.34,-799.54,-0.20684,0.97838,0,0,0,1,0.97838,0.20684,0,-2512.7,-1.0476,6453,5806,5806,5806,-1,732,1,0.25,0,-0.25,0
0,-1.8613e-19,0.011396,0,-584.1,-1326.7,-573.23,160.81,798.16,806.97,-1359.9,-571.25,-552.9,-798.16,-0.20308,0.97927,0,-0.0089048,-0.0040921,1.0098,0.98817,0.20717,-0.0098,-2484,-1.038,6453,5806,5806,5806,-1,732,1,0.255,0,-0.255,0
0,-1.8653e-19,0.011419,0,-571.3,-1317.4,-566.62,158.09,796.83,805.91,-1349.3,-562.73,-543.36,-796.83,-0.19934,0.98014,0,-0.017446,-0.0080172,1.0192,0.99759,0.20736,-0.0192,-2455.4,-1.0283,6453,5806,5806,5806,-1,732,1,0.26,0,-0.26,0
0,-1.8681e-19,0.011443,0,-558.52,-1308.2,-560.01,155.37,795.55,804.96,-1338.7,-554.3,-533.73,-795.55,-0.19562,0.98099,0,-0.025624,-0.011775,1.0282,1.0066,0.2074,-0.0282,-2426.7,-1.0186,6453,5806,5806,5806,-1,732,1,0.265,0,-0.265,0
0,-1.8696e-19,0.011467,0,-545.76,-1298.9,-553.41,152.66,794.32,804.14,-1328.1,-545.96,-524,-794.32,-0.19192,0.98183,0,-0.033438,-0.015366,1.0368,1.0153,0.20729,-0.0368,-2398.1,-1.0087,6453,5806,5806,5806,-1,732,1,0.27,0,-0.27,0
0,-1.8699e-19,0.01149,0,-533.01,-1289.7,-546.8,149.95,793.14,803.43,-1317.6,-537.69,-514.18,-793.14,-0.18824,0.98264,0,-0.040889,-0.01879,1.045,1.0235,0.20703,-0.045,-2369.5,-0.9988,6453,5806,5806,5806,-1,732,1,0.275,0,-0.275,0
0,-1.8689e-19,0.011514,0,-520.28,-1280.4,-540.2,147.26,792.01,802.83,-1307.1,-529.51,-504.27,-792.01,-0.18457,0.98344,0,-0.047977,-0.022047,1.0528,1.0314,0.20662,-0.0528,-2340.9,-0.98879,6453,5806,5806,5806,-1,732,1,0.28,0,-0.28,0
0,-1.8666e-19,0.011537,0,-507.57,-1271.1,-533.61,144.57,790.92,802.36,-1296.6,-521.42,-494.26,-790.92,-0.18092,0.98421,0,-0.054701,-0.025137,1.0602,1.0389,0.20606,-0.0602,-2312.3,-0.9787,6453,5806,5806,5806,-1,732,1,0.285,0,-0.285,0
0,-1.8631e-19,0.01156,0,-494.87,-1261.8,-527.01,141.88,789.89,802,-1286.2,-513.4,-484.16,-789.89,-0.17729,0.98497,0,-0.061061,-0.02806,1.0672,1.046,0.20535,-0.0672,-2283.7,-0.96852,6453,5806,5806,5806,-1,732,1,0.29,0,-0.29,0
0,-1.8584e-19,0.011583,0,-482.19,-1252.5,-520.42,139.21,788.91,801.76,-1275.7,-505.48,-473.96,-788.91,-0.17368,0.9857,0,-0.067058,-0.030816,1.0738,1.0528,0.2045,-0.0738,-2255.2,-0.95825,6453,5806,5806,5806,-1,732,1,0.295,0,-0.295,0
0,-1.8524e-19,0.011606,0,-469.52,-1243.2,-513.83,136.54,787.98,801.64,-1265.3,-497.63,-463.67,-787.98,-0.17009,0.98642,0,-0.072692,-0.033405,1.08,1.0591,0.20349,-0.08,-2226.6,-0.9479,6453,5806,5806,5806,-1,732,1,0.3,0,-0.3,0
0,-1.8452e-19,0.011629,0,-456.88,-1233.9,-507.25,133.88,787.1,801.63,-1254.9,-489.87,-453.28,-787.1,-0.16651,0.98711,0,-0.077962,-0.035827,1.0858,1.0651,0.20234,-0.0858,-2198.1,-0.93746,6453,5806,5806,5806,-1,732,1,0.305,0,-0.305,0
0,-1.8367e-19,0.011652,0,-444.25,-1224.6,-500.66,131.22,786.26,801.74,-1244.5,-482.2,-442.8,-786.26,-0.16295,0.98779,0,-0.082869,-0.038082,1.0912,1.0707,0.20104,-0.0912,-2169.5,-0.92694,6453,5806,5806,5806,-1,732,1,0.31,0,-0.31,0
0,-1.8269e-19,0.011675,0,-431.63,-1215.3,-494.08,128.57,785.48,801.97,-1234.2,-474.6,-432.23,-785.48,-0.15941,0.98845,0,-0.087412,-0.040169,1.0962,1.0759,0.19958,-0.0962,-2141,-0.91633,6453,5806,5806,5806,-1,732,1,0.315,0,-0.315,0
0,-1.8159e-19,0.011698,0,-419.03,-1206,-487.51,125.93,784.75,802.32,-1223.9,-467.09,-421.56,-784.75,-0.15589,0.98908,0,-0.091592,-0.04209,1.1008,1.0807,0.19798,-0.1008,-2112.5,-0.90563,6453,5806,5806,5806,-1,732,1,0.32,0,-0.32,0
0,-1.8037e-19,0.011721,0,-406.45,-1196.7,-480.93,123.29,784.06,802.78,-1213.6,-459.67,-410.79,-784.06,-0.15239,0.9897,0,-0.095408,-0.043844,1.105,1.0851,0.19623,-0.105,-2084,-0.89485,6453,5806,5806,5806,-1,732,1,0.325,0,-0.325,0
0,-1.7902e-19,0.011743,0,-393.88,-1187.3,-474.36,120.67,783.43,803.36,-1203.3,-452.33,-399.94,-783.43,-0.1489,0.9903,0,-0.098861,-0.045431,1.1088,1.0892,0.19433,-0.1088,-2055.6,-0.88398,6453,5806,5806,5806,-1,732,1,0.33,0,-0.33,0
0,-1.7755e-19,0.011766,0,-381.34,-1178,-467.79,118.04,782.85,804.06,-1193,-445.07,-388.99,-782.85,-0.14543,0.99088,0,-0.10195,-0.04685,1.1122,1.0928,0.19228,-0.1122,-2027.1,-0.87303,6453,5806,5806,5806,-1,732,1,0.335,0,-0.335,0
0,-1.7595e-19,0.011788,0,-368.8,-1168.6,-461.23,115.43,782.31,804.87,-1182.8,-437.9,-377.94,-782.31,-0.14198,0.99144,0,-0.10468,-0.048103,1.1152,1.0961,0.19009,-0.1152,-1998.6,-0.86199,6453,5806,5806,5806,-1,732,1,0.34,0,-0.34,0
0,-1.7423e-19,0.011811,0,-356.29,-1159.3,-454.66,112.82,781.83,805.8,-1172.6,-430.81,-366.8,-781.83,-0.13855,0.99198,0,-0.10704,-0.049189,1.1178,1.099,0.18774,-0.1178,-1970.2,-0.85087,6453,5806,5806,5806,-1,732,1,0.345,0,-0.345,0
0,-1.7238e-19,0.011833,0,-343.79,-1149.9,-448.1,110.22,781.39,806.85,-1162.4,-423.8,-355.56,-781.39,-0.13514,0.99249,0,-0.10904,-0.050107,1.12,1.1015,0.18524,-0.12,-1941.8,-0.83966,6453,5806,5806,5806,-1,732,1,0.35,0,-0.35,0
0,-1.704e-19,0.011855,0,-331.31,-1140.5,-441.55,107.63,781.01,808.02,-1152.3,-416.88,-344.23,-781.01,-0.13174,0.99299,0,-0.11067,-0.050859,1.1218,1.1037,0.1826,-0.1218,-1913.4,-0.82836,6453,5806,5806,5806,-1,732,1,0.355,0,-0.355,0
0,-1.683e-19,0.011878,0,-318.84,-1131.1,-434.99,105.04,780.67,809.3,-1142.1,-410.05,-332.81,-780.67,-0.12836,0.99347,0,-0.11195,-0.051444,1.1232,1.1054,0.1798,-0.1232,-1885,-0.81698,6453,5806,5806,5806,-1,732,1,0.36,0,-0.36,0
0,-1.6608e-19,0.0119,0,-306.39,-1121.7,-428.44,102.46,780.39,810.7,-1132,-403.29,-321.29,-780.39,-0.125,0.99393,0,-0.11285,-0.051861,1.1242,1.1068,0.17686,-0.1242,-1856.6,-0.80551,6453,5806,5806,5806,-1,732,1,0.365,0,-0.365,0
0,-1.6373e-19,0.011922,0,-293.96,-1112.4,-421.89,99.888,780.15,812.22,-1121.9,-396.62,-309.68,-780.15,-0.12166,0.99437,0,-0.1134,-0.052112,1.1248,1.1078,0.17377,-0.1248,-1828.2,-0.79396,6453,5806,5806,5806,-1,732,1,0.37,0,-0.37,0
0,-1.6126e-19,0.011944,0,-281.54,-1103,-415.35,97.322,779.97,813.85,-1111.8,-390.04,-297.98,-779.97,-0.11833,0.99479,0,-0.11358,-0.052195,1.125,1.1084,0.17053,-0.125,-1799.8,-0.78232,6453,5806,5806,5806,-1,732,1,0.375,0,-0.375,0
0,-1.5866e-19,0.011965,0,-269.14,-1093.5,-408.8,94.762,779.83,815.6,-1101.8,-383.53,-286.18,-779.83,-0.11503,0.9952,0,-0.1134,-0.052112,1.1248,1.1086,0.16714,-0.1248,-1771.5,-0.77059,6453,5806,5806,5806,-1,732,1,0.38,0,-0.38,0
0,-1.5594e-19,0.011987,0,-256.76,-1084.1,-402.27,92.209,779.74,817.47,-1091.8,-377.12,-274.28,-779.74,-0.11174,0.99558,0,-0.11285,-0.051861,1.1242,1.1084,0.1636,-0.1242,-1743.1,-0.75878,6453,5806,5806,5806,-1,732,1,0.385,0,-0.385,0
0,-1.5309e-19,0.012009,0,-244.39,-1074.7,-395.73,89.664,779.71,819.46,-1081.8,-370.78,-262.29,-779.71,-0.10847,0.99594,0,-0.11195,-0.051444,1.1232,1.1079,0.15991,-0.1232,-1714.8,-0.74688,6453,5806,5806,5806,-1,732,1,0.39,0,-0.39,0
0,-1.5011e-19,0.012031,0,-232.04,-1065.3,-389.19,87.125,779.72,821.56,-1071.8,-364.53,-250.21,-779.72,-0.10522,0.99628,0,-0.11067,-0.050859,1.1218,1.107,0.15607,-0.1218,-1686.5,-0.7349,6453,5806,5806,5806,-1,732,1,0.395,0,-0.395,0
0,-1.4702e-19,0.012052,0,-219.71,-1055.8,-382.66,84.593,779.78,823.78,-1061.8,-358.36,-238.03,-779.78,-0.10198,0.9966,0,-0.10904,-0.050107,1.12,1.1056,0.15209,-0.12,-1658.2,-0.72283,6453,5806,5806,5806,-1,732,1,0.4,0,-0.4,0
0,-1.4379e-19,0.012074,0,-207.39,-1046.4,-376.14,82.068,779.89,826.12,-1051.9,-352.28,-225.76,-779.89,-0.098765,0.99691,0,-0.10704,-0.049189,1.1178,1.1039,0.14795,-0.1178,-1629.9,-0.71068,6453,5806,5806,5806,-1,732,1,0.405,0,-0.405,0
0,-1.4044e-19,0.012095,0,-195.09,-1036.9,-369.61,79.549,780.06,828.58,-1042,-346.28,-213.39,-780.06,-0.095566,0.99719,0,-0.10468,-0.048103,1.1152,1.1019,0.14367,-0.1152,-1601.6,-0.69843,6453,5806,5806,5806,-1,732,1,0.41,0,-0.41,0
0,-1.3697e-19,0.012116,0,-182.8,-1027.5,-363.09,77.038,780.27,831.15,-1032.1,-340.37,-200.93,-780.27,-0.092385,0.99745,0,-0.10195,-0.04685,1.1122,1.0994,0.13924,-0.1122,-1573.4,-0.68611,6453,5806,5806,5806,-1,732,1,0.415,0,-0.415,0
0,-1.3337e-19,0.012138,0,-170.54,-1018,-356.57,74.533,780.53,833.84,-1022.2,-334.54,-188.38,-780.53,-0.089223,0.99769,0,-0.098861,-0.045431,1.1088,1.0966,0.13465,-0.1088,-1545.1,-0.6737,6453,5806,5806,5806,-1,732,1,0.42,0,-0.42,0
0,-1.2965e-19,0.012159,0,-158.28,-1008.6,-350.05,72.035,780.84,836.65,-1012.4,-328.79,-175.73,-780.84,-0.086078,0.99792,0,-0.095408,-0.043844,1.105,1.0933,0.12992,-0.105,-1516.9,-0.6612,6453,5806,5806,5806,-1,732,1,0.425,0,-0.425,0
0,-1.258e-19,0.01218,0,-146.05,-999.07,-343.54,69.545,781.2,839.57,-1002.6,-323.13,-162.98,-781.2,-0.082952,0.99812,0,-0.091592,-0.04209,1.1008,1.0897,0.12504,-0.1008,-1488.7,-0.64861,6453,5806,5806,5806,-1,732,1,0.43,0,-0.43,0
0,-1.2183e-19,0.012201,0,-133.83,-989.59,-337.03,67.061,781.61,842.61,-992.76,-317.55,-150.15,-781.61,-0.079843,0.99831,0,-0.087412,-0.040169,1.0962,1.0857,0.12001,-0.0962,-1460.4,-0.63594,6453,5806,5806,5806,-1,732,1,0.435,0,-0.435,0
0,-1.1773e-19,0.012222,0,-121.63,-980.1,-330.52,64.584,782.07,845.77,-982.98,-312.05,-137.21,-782.07,-0.076752,0.99847,0,-0.082869,-0.038082,1.0912,1.0813,0.11483,-0.0912,-1432.2,-0.62319,6453,5806,5806,5806,-1,732,1,0.44,0,-0.44,0
0,-1.1351e-19,0.012243,0,-109.45,-970.6,-324.01,62.113,782.58,849.05,-973.23,-306.64,-124.19,-782.58,-0.07368,0.99862,0,-0.077962,-0.035827,1.0858,1.0766,0.10951,-0.0858,-1404.1,-0.61035,6453,5806,5806,5806,-1,732,1,0.445,0,-0.445,0
0,-1.0916e-19,0.012263,0,-97.278,-961.09,-317.51,59.65,783.14,852.44,-963.5,-301.31,-111.07,-783.14,-0.070625,0.99874,0,-0.072692,-0.033405,1.08,1.0714,0.10403,-0.08,-1375.9,-0.59742,6453,5806,5806,5806,-1,732,1,0.45,0,-0.45,0
0,-1.0469e-19,0.012284,0,-85.126,-951.58,-311.01,57.193,783.75,855.95,-953.8,-296.07,-97.851,-783.75,-0.067588,0.99885,0,-0.067058,-0.030816,1.0738,1.0659,0.098404,-0.0738,-1347.7,-0.58441,6453,5806,5806,5806,-1,732,1,0.455,0,-0.455,0
0,-1.0009e-19,0.012305,0,-72.991,-942.06,-304.52,54.744,784.41,859.58,-944.12,-290.91,-84.542,-784.41,-0.064569,0.99894,0,-0.061061,-0.02806,1.0672,1.06,0.092629,-0.0672,-1319.6,-0.57131,6453,5806,5806,5806,-1,732,1,0.46,0,-0.46,0
0,-9.5366e-20,0.012325,0,-60.872,-932.54,-298.02,52.301,785.12,863.32,-934.46,-285.83,-71.138,-785.12,-0.061569,0.999,0,-0.054701,-0.025137,1.0602,1.0537,0.086706,-0.0602,-1291.4,-0.55812,6453,5806,5806,5806,-1,732,1,0.465,0,-0.465,0
0,-9.0518e-20,0.012346,0,-48.77,-923,-291.53,49.865,785.88,867.18,-924.82,-280.84,-57.64,-785.88,-0.058586,0.99905,0,-0.047977,-0.022047,1.0528,1.047,0.080633,-0.0528,-1263.3,-0.54485,6453,5806,5806,5806,-1,732,1,0.47,0,-0.47,0
0,-8.5545e-20,0.012366,0,-36.684,-913.46,-285.04,47.436,786.69,871.16,-915.21,-275.93,-44.048,-786.69,-0.055621,0.99908,0,-0.040889,-0.01879,1.045,1.04,0.074411,-0.045,-1235.2,-0.53149,6453,5806,5806,5806,-1,732,1,0.475,0,-0.475,0
0,-8.0447e-20,0.012387,0,-24.615,-903.91,-278.56,45.014,787.55,875.26,-905.62,-271.11,-30.361,-787.55,-0.052674,0.99908,0,-0.033438,-0.015366,1.0368,1.0325,0.06804,-0.0368,-1207.1,-0.51805,6453,5806,5806,5806,-1,732,1,0.48,0,-0.48,0
0,-7.5224e-20,0.012407,0,-12.562,-894.36,-272.08,42.599,788.45,879.47,-896.05,-266.37,-16.58,-788.45,-0.049745,0.99907,0,-0.025624,-0.011775,1.0282,1.0247,0.06152,-0.0282,-1179,-0.50452,6453,5806,5806,5806,-1,732,1,0.485,0,-0.485,0
0,-6.9877e-20,0.012427,0,-0.52618,-884.8,-265.6,40.19,789.41,883.8,-886.51,-261.71,-2.7051,-789.41,-0.046834,0.99904,0,-0.017446,-0.0080172,1.0192,1.0165,0.054852,-0.0192,-1150.9,-0.49091,6453,5806,5806,5806,-1,732,1,0.49,0,-0.49,0
0,-6.4404e-20,0.012447,0,11.493,-875.23,-259.12,37.788,790.42,888.25,-876.99,-257.14,11.264,-790.42,-0.043941,0.99899,0,-0.0089048,-0.0040921,1.0098,1.0079,0.048034,-0.0098,-1122.9,-0.47721,6453,5806,5806,5806,-1,732,1,0.495,0,-0.495,0
0,-5.8806e-20,0.012467,0,23.496,-865.66,-252.65,35.394,791.48,892.82,-867.49,-252.65,25.328,-791.48,-0.041067,0.99892,0,0,0,1,0.99892,0.041067,0,-1094.8,-0.46342,6462,5814,5814,5814,-1,733,1,0.5,0,-0.5,0
0,-5.3654e-20,0.012485,0,22.086,-861.25,-251.75,35.412,786.42,886.99,-863.08,-251.75,23.915,-786.42,-0.041544,0.99891,0,0,0,1,0.99891,0.041544,0,-1090.9,-0.46457,6462,5814,5814,5814,-1,733,1,0.505,0,-0.505,0
0,-4.8602e-20,0.012504,0,20.685,-856.85,-250.85,35.425,781.37,881.19,-858.68,-250.85,22.511,-781.37,-0.042007,0.9989,0,0,0,1,0.9989,0.042007,0,-1087,-0.46574,6462,5814,5814,5814,-1,733,1,0.51,0,-0.51,0
0,-4.3648e-20,0.012522,0,19.293,-852.46,-249.95,35.432,776.35,875.4,-854.29,-249.95,21.115,-776.35,-0.042457,0.99889,0,0,0,1,0.99889,0.042457,0,-1083.1,-0.46692,6462,5814,5814,5814,-1,733,1,0.515,0,-0.515,0
0,-3.8794e-20,0.01254,0,17.91,-848.09,-249.05,35.433,771.34,869.64,-849.91,-249.05,19.728,-771.34,-0.042892,0.99888,0,0,0,1,0.99888,0.042892,0,-1079.2,-0.46812,6462,5814,5814,5814,-1,733,1,0.52,0,-0.52,0
0,-3.404e-20,0.012558,0,16.536,-843.73,-248.16,35.428,766.35,863.89,-845.54,-248.16,18.35,-766.35,-0.043312,0.99888,0,0,0,1,0.99888,0.043312,0,-1075.3,-0.46932,6462,5814,5814,5814,-1,733,1,0.525,0,-0.525,0
0,-2.9384e-20,0.012576,0,15.171,-839.38,-247.26,35.418,761.37,858.17,-841.19,-247.26,16.981,-761.37,-0.043719,0.99887,0,0,0,1,0.99887,0.043719,0,-1071.5,-0.47055,6462,5814,5814,5814,-1,733,1,0.53,0,-0.53,0
0,-2.4828e-20,0.012593,0,13.815,-835.04,-246.37,35.401,756.42,852.46,-836.84,-246.37,15.62,-756.42,-0.044111,0.99886,0,0,0,1,0.99886,0.044111,0,-1067.6,-0.47178,6462,5814,5814,5814,-1,733,1,0.535,0,-0.535,0
0,-2.0372e-20,0.012611,0,12.468,-830.71,-245.47,35.379,751.48,846.78,-832.51,-245.47,14.268,-751.48,-0.044489,0.99885,0,0,0,1,0.99885,0.044489,0,-1063.7,-0.47303,6462,5814,5814,5814,-1,733,1,0.54,0,-0.54,0
0,-1.6014e-20,0.012629,0,11.13,-826.39,-244.58,35.352,746.56,841.11,-828.19,-244.58,12.925,-746.56,-0.044852,0.99885,0,0,0,1,0.99885,0.044852,0,-1059.8,-0.4743,6462,5814,5814,5814,-1,733,1,0.545,0,-0.545,0
0,-1.1756e-20,0.012646,0,9.8006,-822.09,-243.69,35.318,741.65,835.47,-823.88,-243.69,11.59,-741.65,-0.045202,0.99884,0,0,0,1,0.99884,0.045202,0,-1056,-0.47558,6462,5814,5814,5814,-1,733,1,0.55,0,-0.55,0
0,-7.5975e-21,0.012664,0,8.4803,-817.79,-242.79,35.279,736.77,829.84,-819.58,-242.79,10.264,-736.77,-0.045537,0.99884,0,0,0,1,0.99884,0.045537,0,-1052.1,-0.47687,6462,5814,5814,5814,-1,733,1,0.555,0,-0.555,0
0,-3.5381e-21,0.012681,0,7.169,-813.51,-241.9,35.234,731.9,824.23,-815.29,-241.9,8.947,-731.9,-0.045858,0.99883,0,0,0,1,0.99883,0.045858,0,-1048.2,-0.47817,6462,5814,5814,5814,-1,733,1,0.56,0,-0.56,0
0,4.2193e-22,0.012698,0,5.8667,-809.24,-241.01,35.183,727.04,818.65,-811.01,-241.01,7.6386,-727.04,-0.046165,0.99883,0,0,0,1,0.99883,0.046165,0,-1044.4,-0.47949,6462,5814,5814,5814,-1,733,1,0.565,0,-0.565,0
0,4.2826e-21,0.012716,0,4.5734,-804.98,-240.12,35.127,722.21,813.08,-806.74,-240.12,6.3389,-722.21,-0.046458,0.99882,0,0,0,1,0.99882,0.046458,0,-1040.5,-0.48083,6462,5814,5814,5814,-1,733,1,0.57,0,-0.57,0
0,8.044e-21,0.012733,0,3.289,-800.73,-239.23,35.064,717.39,807.54,-802.49,-239.23,5.0479,-717.39,-0.046736,0.99882,0,0,0,1,0.99882,0.046736,0,-1036.7,-0.48218,6462,5814,5814,5814,-1,733,1,0.575,0,-0.575,0
0,1.1706e-20,0.01275,0,2.0136,-796.49,-238.34,34.996,712.59,802.01,-798.25,-238.34,3.7656,-712.59,-0.047,0.99881,0,0,0,1,0.99881,0.047,0,-1032.8,-0.48354,6462,5814,5814,5814,-1,733,1,0.58,0,-0.58,0
0,1.5269e-20,0.012766,0,0.7471,-792.27,-237.46,34.922,707.81,796.51,-794.01,-237.46,2.4921,-707.81,-0.04725,0.99881,0,0,0,1,0.99881,0.04725,0,-1029,-0.48492,6462,5814,5814,5814,-1,733,1,0.585,0,-0.585,0
0,1.8732e-20,0.012783,0,-0.51038,-788.06,-236.57,34.843,703.04,791.02,-789.79,-236.57,1.2272,-703.04,-0.047486,0.99881,0,0,0,1,0.99881,0.047486,0,-1025.1,-0.48631,6462,5814,5814,5814,-1,733,1,0.59,0,-0.59,0
0,2.2096e-20,0.0128,0,-1.7589,-783.85,-235.68,34.757,698.3,785.56,-785.58,-235.68,-0.028901,-698.3,-0.047707,0.9988,0,0,0,1,0.9988,0.047707,0,-1021.3,-0.48771,6462,5814,5814,5814,-1,733,1,0.595,0,-0.595,0
0,2.5361e-20,0.012817,0,-2.9985,-779.66,-234.8,34.666,693.56,780.11,-781.39,-234.8,-1.2763,-693.56,-0.047914,0.9988,0,0,0,1,0.9988,0.047914,0,-1017.5,-0.48913,6462,5814,5814,5814,-1,733,1,0.6,0,-0.6,0
0,2.8526e-20,0.012833,0,-4.2291,-775.49,-233.91,34.569,688.85,774.68,-777.2,-233.91,-2.515,-688.85,-0.048107,0.9988,0,0,0,1,0.9988,0.048107,0,-1013.6,-0.49056,6462,5814,5814,5814,-1,733,1,0.605,0,-0.605,0
0,3.1592e-20,0.01285,0,-5.4507,-771.32,-233.03,34.467,684.16,769.28,-773.02,-233.03,-3.7449,-684.16,-0.048286,0.9988,0,0,0,1,0.9988,0.048286,0,-1009.8,-0.49201,6462,5814,5814,5814,-1,733,1,0.61,0,-0.61,0
0,3.4559e-20,0.012866,0,-6.6634,-767.16,-232.15,34.358,679.48,763.89,-768.86,-232.15,-4.9662,-679.48,-0.048451,0.9988,0,0,0,1,0.9988,0.048451,0,-1006,-0.49347,6462,5814,5814,5814,-1,733,1,0.615,0,-0.615,0
0,3.7426e-20,0.012882,0,-7.867,-763.02,-231.27,34.244,674.82,758.53,-764.71,-231.27,-6.1787,-674.82,-0.048601,0.99879,0,0,0,1,0.99879,0.048601,0,-1002.1,-0.49494,6462,5814,5814,5814,-1,733,1,0.62,0,-0.62,0
0,4.0194e-20,0.012898,0,-9.0618,-758.88,-230.38,34.124,670.17,753.18,-760.56,-230.38,-7.3825,-670.17,-0.048737,0.99879,0,0,0,1,0.99879,0.048737,0,-998.33,-0.49643,6462,5814,5814,5814,-1,733,1,0.625,0,-0.625,0
0,4.2863e-20,0.012914,0,-10.248,-754.76,-229.5,33.999,665.54,747.86,-756.43,-229.5,-8.5776,-665.54,-0.048859,0.99879,0,0,0,1,0.99879,0.048859,0,-994.51,-0.49793,6462,5814,5814,5814,-1,733,1,0.63,0,-0.63,0
0,4.5432e-20,0.01293,0,-11.424,-750.65,-228.62,33.867,660.93,742.55,-752.31,-228.62,-9.764,-660.93,-0.048966,0.99879,0,0,0,1,0.99879,0.048966,0,-990.7,-0.49945,6462,5814,5814,5814,-1,733,1,0.635,0,-0.635,0
0,4.7902e-20,0.012946,0,-12.592,-746.55,-227.74,33.73,656.34,737.26,-748.2,-227.74,-10.942,-656.34,-0.04906,0.99879,0,0,0,1,0.99879,0.04906,0,-986.89,-0.50098,6462,5814,5814,5814,-1,733,1,0.64,0,-0.64,0
0,5.0273e-20,0.012962,0,-13.751,-742.47,-226.87,33.587,651.77,732,-744.11,-226.87,-12.111,-651.77,-0.049139,0.99879,0,0,0,1,0.99879,0.049139,0,-983.08,-0.50252,6462,5814,5814,5814,-1,733,1,0.645,0,-0.645,0
0,5.2544e-20,0.012978,0,-14.901,-738.39,-225.99,33.438,647.21,726.75,-740.02,-225.99,-13.271,-647.21,-0.049204,0.99879,0,0,0,1,0.99879,0.049204,0,-979.28,-0.50408,6462,5814,5814,5814,-1,733,1,0.65,0,-0.65,0
0,5.4717e-20,0.012994,0,-16.042,-734.33,-225.11,33.284,642.67,721.52,-735.95,-225.11,-14.422,-642.67,-0.049254,0.9988,0,0,0,1,0.9988,0.049254,0,-975.48,-0.50565,6462,5814,5814,5814,-1,733,1,0.655,0,-0.655,0
0,5.6789e-20,0.013009,0,-17.174,-730.28,-224.23,33.124,638.15,716.32,-731.88,-224.23,-15.565,-638.15,-0.049291,0.9988,0,0,0,1,0.9988,0.049291,0,-971.68,-0.50724,6462,5814,5814,5814,-1,733,1,0.66,0,-0.66,0
0,5.8763e-20,0.013025,0,-18.297,-726.23,-223.36,32.958,633.64,711.13,-727.83,-223.36,-16.699,-633.64,-0.049313,0.9988,0,0,0,1,0.9988,0.049313,0,-967.89,-0.50884,6462,5814,5814,5814,-1,733,1,0.665,0,-0.665,0
0,6.0637e-20,0.01304,0,-19.411,-722.2,-222.48,32.786,629.15,705.97,-723.79,-222.48,-17.825,-629.15,-0.049321,0.9988,0,0,0,1,0.9988,0.049321,0,-964.1,-0.51045,6462,5814,5814,5814,-1,733,1,0.67,0,-0.67,0
0,6.2411e-20,0.013055,0,-20.516,-718.19,-221.61,32.608,624.68,700.82,-719.76,-221.61,-18.941,-624.68,-0.049315,0.9988,0,0,0,1,0.9988,0.049315,0,-960.31,-0.51208,6462,5814,5814,5814,-1,733,1,0.675,0,-0.675,0
0,6.4087e-20,0.01307,0,-21.612,-714.18,-220.74,32.425,620.23,695.69,-715.74,-220.74,-20.049,-620.23,-0.049294,0.99881,0,0,0,1,0.99881,0.049294,0,-956.53,-0.51372,6462,5814,5814,5814,-1,733,1,0.68,0,-0.68,0
0,6.5663e-20,0.013085,0,-22.699,-710.18,-219.87,32.236,615.8,690.59,-711.74,-219.87,-21.148,-615.8,-0.049259,0.99881,0,0,0,1,0.99881,0.049259,0,-952.75,-0.51538,6462,5814,5814,5814,-1,733,1,0.685,0,-0.685,0
0,6.714e-20,0.0131,0,-23.777,-706.2,-218.99,32.041,611.38,685.5,-707.74,-218.99,-22.239,-611.38,-0.04921,0.99881,0,0,0,1,0.99881,0.04921,0,-948.97,-0.51705,6462,5814,5814,5814,-1,733,1,0.69,0,-0.69,0
0,6.8517e-20,0.013115,0,-24.847,-702.23,-218.12,31.841,606.98,680.43,-703.75,-218.12,-23.321,-606.98,-0.049147,0.99882,0,0,0,1,0.99882,0.049147,0,-945.2,-0.51873,6462,5814,5814,5814,-1,733,1,0.695,0,-0.695,0
0,6.9795e-20,0.01313,0,-25.907,-698.27,-217.25,31.634,602.59,675.39,-699.78,-217.25,-24.394,-602.59,-0.04907,0.99882,0,0,0,1,0.99882,0.04907,0,-941.43,-0.52043,6462,5814,5814,5814,-1,733,1,0.7,0,-0.7,0
0,7.0974e-20,0.013145,0,-26.958,-694.32,-216.38,31.422,598.22,670.36,-695.82,-216.38,-25.458,-598.22,-0.048978,0.99883,0,0,0,1,0.99883,0.048978,0,-937.66,-0.52214,6462,5814,5814,5814,-1,733,1,0.705,0,-0.705,0
0,7.2053e-20,0.01316,0,-28,-690.38,-215.51,31.204,593.88,665.35,-691.87,-215.51,-26.514,-593.88,-0.048872,0.99883,0,0,0,1,0.99883,0.048872,0,-933.9,-0.52387,6462,5814,5814,5814,-1,733,1,0.71,0,-0.71,0
0,7.3033e-20,0.013174,0,-29.034,-686.46,-214.65,30.981,589.54,660.37,-687.93,-214.65,-27.56,-589.54,-0.048752,0.99884,0,0,0,1,0.99884,0.048752,0,-930.14,-0.52561,6462,5814,5814,5814,-1,733,1,0.715,0,-0.715,0
0,7.3914e-20,0.013189,0,-30.058,-682.54,-213.78,30.751,585.23,655.4,-684,-213.78,-28.599,-585.23,-0.048618,0.99884,0,0,0,1,0.99884,0.048618,0,-926.38,-0.52736,6462,5814,5814,5814,-1,733,1,0.72,0,-0.72,0
0,7.4695e-20,0.013203,0,-31.073,-678.64,-212.91,30.516,580.93,650.45,-680.08,-212.91,-29.628,-580.93,-0.048469,0.99885,0,0,0,1,0.99885,0.048469,0,-922.62,-0.52913,6462,5814,5814,5814,-1,733,1,0.725,0,-0.725,0
0,7.5377e-20,0.013217,0,-32.08,-674.75,-212.05,30.275,576.65,645.53,-676.18,-212.05,-30.649,-576.65,-0.048306,0.99886,0,0,0,1,0.99886,0.048306,0,-918.87,-0.53091,6462,5814,5814,5814,-1,733,1,0.73,0,-0.73,0
0,7.596e-20,0.013231,0,-33.077,-670.87,-211.18,30.028,572.39,640.62,-672.28,-211.18,-31.661,-572.39,-0.048129,0.99886,0,0,0,1,0.99886,0.048129,0,-915.13,-0.53271,6462,5814,5814,5814,-1,733,1,0.735,0,-0.735,0
0,7.6443e-20,0.013246,0,-34.066,-667,-210.32,29.776,568.14,635.73,-668.4,-210.32,-32.664,-568.14,-0.047938,0.99887,0,0,0,1,0.99887,0.047938,0,-911.38,-0.53452,6462,5814,5814,5814,-1,733,1,0.74,0,-0.74,0
0,7.6827e-20,0.01326,0,-35.045,-663.14,-209.46,29.518,563.92,630.87,-664.53,-209.46,-33.659,-563.92,-0.047733,0.99888,0,0,0,1,0.99888,0.047733,0,-907.64,-0.53634,6462,5814,5814,5814,-1,733,1,0.745,0,-0.745,0
0,7.7112e-20,0.013273,0,-36.016,-659.29,-208.59,29.254,559.71,626.02,-660.67,-208.59,-34.645,-559.71,-0.047513,0.99889,0,0,0,1,0.99889,0.047513,0,-903.9,-0.53818,6462,5814,5814,5814,-1,733,1,0.75,0,-0.75,0
0,7.7297e-20,0.013287,0,-36.978,-655.46,-207.73,28.984,555.51,621.19,-656.82,-207.73,-35.622,-555.51,-0.047279,0.99889,0,0,0,1,0.99889,0.047279,0,-900.17,-0.54003,6462,5814,5814,5814,-1,733,1,0.755,0,-0.755,0
0,7.7383e-20,0.013301,0,-37.93,-651.64,-206.87,28.709,551.34,616.39,-652.98,-206.87,-36.59,-551.34,-0.047031,0.9989,0,0,0,1,0.9989,0.047031,0,-896.44,-0.5419,6462,5814,5814,5814,-1,733,1,0.76,0,-0.76,0
0,7.737e-20,0.013315,0,-38.874,-647.83,-206.01,28.427,547.18,611.6,-649.15,-206.01,-37.55,-547.18,-0.046768,0.99891,0,0,0,1,0.99891,0.046768,0,-892.71,-0.54378,6462,5814,5814,5814,-1,733,1,0.765,0,-0.765,0
0,7.7258e-20,0.013328,0,-39.809,-644.03,-205.15,28.14,543.04,606.83,-645.33,-205.15,-38.501,-543.04,-0.046492,0.99892,0,0,0,1,0.99892,0.046492,0,-888.99,-0.54567,6462,5814,5814,5814,-1,733,1,0.77,0,-0.77,0
0,7.7046e-20,0.013342,0,-40.734,-640.24,-204.29,27.848,538.91,602.09,-641.53,-204.29,-39.443,-538.91,-0.046201,0.99893,0,0,0,1,0.99893,0.046201,0,-885.26,-0.54758,6462,5814,5814,5814,-1,733,1,0.775,0,-0.775,0
0,7.6734e-20,0.013355,0,-41.651,-636.46,-203.43,27.549,534.81,597.36,-637.74,-203.43,-40.377,-534.81,-0.045896,0.99894,0,0,0,1,0.99894,0.045896,0,-881.55,-0.5495,6462,5814,5814,5814,-1,733,1,0.78,0,-0.78,0
0,7.6324e-20,0.013368,0,-42.559,-632.7,-202.58,27.245,530.72,592.65,-633.95,-202.58,-41.302,-530.72,-0.045576,0.99895,0,0,0,1,0.99895,0.045576,0,-877.83,-0.55144,6462,5814,5814,5814,-1,733,1,0.785,0,-0.785,0
0,7.5814e-20,0.013382,0,-43.458,-628.94,-201.72,26.935,526.65,587.96,-630.18,-201.72,-42.218,-526.65,-0.045243,0.99896,0,0,0,1,0.99896,0.045243,0,-874.12,-0.55339,6462,5814,5814,5814,-1,733,1,0.79,0,-0.79,0
0,7.5205e-20,0.013395,0,-44.348,-625.2,-200.86,26.619,522.59,583.3,-626.42,-200.86,-43.125,-522.59,-0.044895,0.99897,0,0,0,1,0.99897,0.044895,0,-870.41,-0.55535,6462,5814,5814,5814,-1,733,1,0.795,0,-0.795,0
0,7.4496e-20,0.013408,0,-45.229,-621.47,-200.01,26.297,518.56,578.65,-622.67,-200.01,-44.024,-518.56,-0.044533,0.99898,0,0,0,1,0.99898,0.044533,0,-866.71,-0.55733,6462,5814,5814,5814,-1,733,1,0.8,0,-0.8,0
0,7.3688e-20,0.013421,0,-46.101,-617.75,-199.16,25.97,514.54,574.02,-618.94,-199.16,-44.914,-514.54,-0.044156,0.99899,0,0,0,1,0.99899,0.044156,0,-863.01,-0.55932,6462,5814,5814,5814,-1,733,1,0.805,0,-0.805,0
0,7.2781e-20,0.013434,0,-46.963,-614.04,-198.3,25.637,510.53,569.42,-615.21,-198.3,-45.795,-510.53,-0.043766,0.99901,0,0,0,1,0.99901,0.043766,0,-859.31,-0.56133,6462,5814,5814,5814,-1,733,1,0.81,0,-0.81,0
0,7.1774e-20,0.013446,0,-47.818,-610.35,-197.45,25.298,506.55,564.83,-611.5,-197.45,-46.668,-506.55,-0.043361,0.99902,0,0,0,1,0.99902,0.043361,0,-855.61,-0.56335,6462,5814,5814,5814,-1,733,1,0.815,0,-0.815,0
0,7.0668e-20,0.013459,0,-48.663,-606.66,-196.6,24.953,502.58,560.26,-607.79,-196.6,-47.532,-502.58,-0.042942,0.99903,0,0,0,1,0.99903,0.042942,0,-851.92,-0.56538,6462,5814,5814,5814,-1,733,1,0.82,0,-0.82,0
0,6.9463e-20,0.013472,0,-49.499,-602.99,-195.75,24.603,498.63,555.71,-604.1,-195.75,-48.387,-498.63,-0.042509,0.99904,0,0,0,1,0.99904,0.042509,0,-848.23,-0.56743,6462,5814,5814,5814,-1,733,1,0.825,0,-0.825,0
0,6.8158e-20,0.013484,0,-50.326,-599.33,-194.9,24.247,494.7,551.19,-600.42,-194.9,-49.233,-494.7,-0.042062,0.99906,0,0,0,1,0.99906,0.042062,0,-844.55,-0.56949,6462,5814,5814,5814,-1,733,1,0.83,0,-0.83,0
0,6.6754e-20,0.013496,0,-51.144,-595.68,-194.05,23.885,490.78,546.68,-596.75,-194.05,-50.071,-490.78,-0.0416,0.99907,0,0,0,1,0.99907,0.0416,0,-840.87,-0.57157,6462,5814,5814,5814,-1,733,1,0.835,0,-0.835,0
0,6.5251e-20,0.013509,0,-51.953,-592.04,-193.2,23.517,486.88,542.19,-593.09,-193.2,-50.9,-486.88,-0.041124,0.99909,0,0,0,1,0.99909,0.041124,0,-837.19,-0.57366,6462,5814,5814,5814,-1,733,1,0.84,0,-0.84,0
0,6.3648e-20,0.013521,0,-52.753,-588.41,-192.35,23.144,483,537.72,-589.44,-192.35,-51.72,-483,-0.040634,0.9991,0,0,0,1,0.9991,0.040634,0,-833.51,-0.57576,6462,5814,5814,5814,-1,733,1,0.845,0,-0.845,0
0,6.1946e-20,0.013533,0,-53.545,-584.79,-191.5,22.765,479.14,533.27,-585.81,-191.5,-52.531,-479.14,-0.04013,0.99911,0,0,0,1,0.99911,0.04013,0,-829.84,-0.57788,6462,5814,5814,5814,-1,733,1,0.85,0,-0.85,0
0,6.0145e-20,0.013545,0,-54.327,-581.19,-190.65,22.38,475.29,528.85,-582.18,-190.65,-53.334,-475.29,-0.039611,0.99913,0,0,0,1,0.99913,0.039611,0,-826.17,-0.58001,6462,5814,5814,5814,-1,733,1,0.855,0,-0.855,0
0,5.8245e-20,0.013557,0,-55.1,-577.6,-189.81,21.989,471.47,524.44,-578.57,-189.81,-54.128,-471.47,-0.039078,0.99915,0,0,0,1,0.99915,0.039078,0,-822.51,-0.58216,6462,5814,5814,5814,-1,733,1,0.86,0,-0.86,0
0,5.6245e-20,0.013569,0,-55.865,-574.01,-188.96,21.592,467.65,520.05,-574.97,-188.96,-54.914,-467.65,-0.038531,0.99916,0,0,0,1,0.99916,0.038531,0,-818.84,-0.58432,6462,5814,5814,5814,-1,733,1,0.865,0,-0.865,0
0,5.4145e-20,0.013581,0,-56.62,-570.44,-188.12,21.19,463.86,515.68,-571.37,-188.12,-55.69,-463.86,-0.03797,0.99918,0,0,0,1,0.99918,0.03797,0,-815.18,-0.58649,6462,5814,5814,5814,-1,733,1,0.87,0,-0.87,0
0,5.1947e-20,0.013592,0,-57.366,-566.89,-187.28,20.782,460.08,511.34,-567.79,-187.28,-56.458,-460.08,-0.037394,0.99919,0,0,0,1,0.99919,0.037394,0,-811.53,-0.58868,6462,5814,5814,5814,-1,733,1,0.875,0,-0.875,0
0,4.9649e-20,0.013604,0,-58.104,-563.34,-186.43,20.368,456.32,507.01,-564.23,-186.43,-57.217,-456.32,-0.036805,0.99921,0,0,0,1,0.99921,0.036805,0,-807.88,-0.59088,6462,5814,5814,5814,-1,733,1,0.88,0,-0.88,0
0,4.7252e-20,0.013615,0,-58.832,-559.8,-185.59,19.949,452.58,502.7,-560.67,-185.59,-57.968,-452.58,-0.036201,0.99923,0,0,0,1,0.99923,0.036201,0,-804.23,-0.59309,6462,5814,5814,5814,-1,733,1,0.885,0,-0.885,0
0,4.4755e-20,0.013627,0,-59.552,-556.28,-184.75,19.524,448.86,498.41,-557.12,-184.75,-58.71,-448.86,-0.035582,0.99925,0,0,0,1,0.99925,0.035582,0,-800.58,-0.59532,6462,5814,5814,5814,-1,733,1,0.89,0,-0.89,0
0,4.2159e-20,0.013638,0,-60.262,-552.77,-183.91,19.093,445.15,494.14,-553.59,-183.91,-59.443,-445.15,-0.03495,0.99926,0,0,0,1,0.99926,0.03495,0,-796.94,-0.59757,6462,5814,5814,5814,-1,733,1,0.895,0,-0.895,0
