"resnonl_DEPL:0","resnonl_DEPL:1","resnonl_DEPL:2","resnonl_SIEF_NOEU:0","resnonl_SIEF_NOEU:1","resnonl_SIEF_NOEU:2","resnonl_SIEF_NOEU:3","resnonl_SIEQ_NOEU:0","resnonl_SIEQ_NOEU:1","resnonl_SIEQ_NOEU:2","resnonl_SIEQ_NOEU:3","resnonl_SIEQ_NOEU:4","resnonl_SIEQ_NOEU:5","resnonl_SIEQ_NOEU:6","resnonl_SIEQ_NOEU:7","resnonl_SIEQ_NOEU:8","resnonl_SIEQ_NOEU:9","resnonl_SIEQ_NOEU:10","resnonl_SIEQ_NOEU:11","resnonl_SIEQ_NOEU:12","resnonl_SIEQ_NOEU:13","resnonl_SIEQ_NOEU:14","resnonl_SIEQ_NOEU:15","resnonl_SIEQ_NOEU:16","ELGA@0","ELNO@resnonl_SIEF_ELNO","ELNO@resnonl_SIEQ_ELNO","ELNO@resnonl_SIGM_ELNO","FamilyIdCell","NumIdCell","vtkValidPointMask","arc_length","Points:0","Points:1","Points:2"
0,0.010653,0,-865.82,-1609.4,-742.56,3.4124,812.26,866.83,-1609.4,-865.8,-742.56,-812.26,-0.0045935,0.99999,0,0.99999,0.0045935,3.9131e-08,3.9131e-08,1.3426e-10,1,-3217.8,-1.3205,74424,66418,66418,66418,-1,8323,1,0,0,-0.1,0
-4.7983e-06,0.010654,0,-863.7,-1604.4,-740.44,11.12,809.54,864.1,-1604.5,-863.6,-740.44,-809.54,-0.015495,0.99988,0,0.99988,0.015495,3.9131e-08,3.9095e-08,5.7654e-10,1,-3208.6,-1.3211,74424,66418,66418,66418,-1,8323,1,0.005,0.005,-0.1,0
-9.5888e-06,0.010656,0,-861.52,-1599.5,-738.32,18.882,807.15,861.6,-1599.9,-861.15,-738.32,-807.15,-0.026384,0.99965,0,0.99965,0.026384,3.9131e-08,3.9057e-08,1.0189e-09,1,-3199.4,-1.3211,74424,66418,66418,66418,-1,8323,1,0.01,0.01,-0.1,0
-1.4371e-05,0.010659,0,-859.29,-1594.7,-736.19,26.7,805.1,859.34,-1595.5,-858.45,-736.19,-805.1,-0.037262,0.99931,0,0.99931,0.037262,3.9131e-08,3.9018e-08,1.4613e-09,1,-3190.2,-1.3205,74424,66418,66418,66418,-1,8323,1,0.015,0.015,-0.1,0
-1.9146e-05,0.010663,0,-857,-1589.9,-734.06,34.573,803.4,857.31,-1591.4,-855.5,-734.06,-803.4,-0.048128,0.99884,0,0.99884,0.048128,3.9131e-08,3.8977e-08,1.9038e-09,1,-3180.9,-1.3195,74424,66418,66418,66418,-1,8323,1,0.02,0.02,-0.1,0
-2.3913e-05,0.010668,0,-854.65,-1585.1,-731.93,42.501,802.04,855.53,-1587.5,-852.31,-731.93,-802.04,-0.058983,0.99826,0,0.99826,0.058983,3.9131e-08,3.8934e-08,2.3463e-09,1,-3171.7,-1.3178,74424,66418,66418,66418,-1,8323,1,0.025,0.025,-0.1,0
-2.8672e-05,0.010675,0,-852.24,-1580.4,-729.79,50.483,801.02,853.99,-1583.8,-848.86,-729.79,-801.02,-0.069825,0.99756,0,0.99756,0.069825,3.9131e-08,3.8889e-08,2.7889e-09,1,-3162.4,-1.3157,74424,66418,66418,66418,-1,8323,1,0.03,0.03,-0.1,0
-3.3424e-05,0.010682,0,-849.78,-1575.7,-727.65,58.521,800.34,852.68,-1580.3,-845.16,-727.65,-800.34,-0.080656,0.99674,0,0.99674,0.080656,3.9131e-08,3.8843e-08,3.2315e-09,1,-3153.1,-1.313,74424,66418,66418,66418,-1,8323,1,0.035,0.035,-0.1,0
-3.8167e-05,0.01069,0,-847.26,-1571.1,-725.5,66.614,800,851.62,-1577.1,-841.22,-725.5,-800,-0.091475,0.9958,0,0.9958,0.091475,3.9131e-08,3.8795e-08,3.6742e-09,1,-3143.8,-1.3097,74424,66418,66418,66418,-1,8323,1,0.04,0.04,-0.1,0
-4.2903e-05,0.0107,0,-844.68,-1566.5,-723.35,74.763,800.01,850.79,-1574.1,-837.02,-723.35,-800.01,-0.10228,0.99474,0,0.99474,0.10228,3.9131e-08,3.8745e-08,4.117e-09,1,-3134.5,-1.306,74424,66418,66418,66418,-1,8323,1,0.045,0.045,-0.1,0
-4.763e-05,0.01071,0,-842.04,-1561.9,-721.19,82.966,800.35,850.21,-1571.4,-832.58,-721.19,-800.35,-0.11308,0.99357,0,0.99357,0.11308,3.9131e-08,3.8693e-08,4.5598e-09,1,-3125.2,-1.3016,74424,66418,66418,66418,-1,8323,1,0.05,0.05,-0.1,0
-5.235e-05,0.010722,0,-839.35,-1557.4,-719.03,91.224,801.04,849.86,-1568.9,-827.89,-719.03,-801.04,-0.12386,0.99228,0,0.99228,0.12386,3.9131e-08,3.864e-08,5.0027e-09,1,-3115.8,-1.2968,74424,66418,66418,66418,-1,8323,1,0.055,0.055,-0.1,0
-5.7062e-05,0.010734,0,-836.59,-1553,-716.87,99.537,802.07,849.75,-1566.6,-822.95,-716.87,-802.07,-0.13463,0.99087,0,0.99087,0.13463,3.9131e-08,3.8585e-08,5.4456e-09,1,-3106.4,-1.2914,74424,66418,66418,66418,-1,8323,1,0.06,0.06,-0.1,0
-6.1767e-05,0.010748,0,-833.78,-1548.6,-714.7,107.91,803.44,849.88,-1564.6,-817.76,-714.7,-803.44,-0.1454,0.98934,0,0.98934,0.1454,3.9131e-08,3.8529e-08,5.8886e-09,1,-3097,-1.2854,74424,66418,66418,66418,-1,8323,1,0.065,0.065,-0.1,0
-6.6463e-05,0.010763,0,-830.92,-1544.2,-712.53,116.33,805.15,850.25,-1562.8,-812.32,-712.53,-805.15,-0.15614,0.98769,0,0.98769,0.15614,3.9131e-08,3.847e-08,6.3317e-09,1,-3087.6,-1.2789,74424,66418,66418,66418,-1,8323,1,0.07,0.07,-0.1,0
-7.1151e-05,0.010779,0,-827.99,-1539.8,-710.35,124.81,807.21,850.86,-1561.2,-806.63,-710.35,-807.21,-0.16688,0.98593,0,0.98593,0.16688,3.9131e-08,3.841e-08,6.7748e-09,1,-3078.2,-1.2719,74424,66418,66418,66418,-1,8323,1,0.075,0.075,-0.1,0
-7.5832e-05,0.010796,0,-825.01,-1535.6,-708.17,133.34,809.6,851.7,-1559.9,-800.69,-708.17,-809.6,-0.17761,0.98404,0,0.98404,0.17761,3.9131e-08,3.8348e-08,7.218e-09,1,-3068.7,-1.2643,74424,66418,66418,66418,-1,8323,1,0.08,0.08,-0.1,0
-8.0505e-05,0.010814,0,-821.97,-1531.3,-705.98,141.93,812.34,852.79,-1558.8,-794.5,-705.98,-812.34,-0.18832,0.98204,0,0.98204,0.18832,3.9131e-08,3.8285e-08,7.6613e-09,1,-3059.3,-1.2562,74424,66418,66418,66418,-1,8323,1,0.085,0.085,-0.1,0
-8.517e-05,0.010833,0,-818.87,-1527.1,-703.79,150.57,815.42,854.11,-1557.9,-788.06,-703.79,-815.42,-0.19902,0.97992,0,0.97992,0.19902,3.9131e-08,3.822e-08,8.1046e-09,1,-3049.8,-1.2475,74424,66418,66418,66418,-1,8323,1,0.09,0.09,-0.1,0
-8.9827e-05,0.010853,0,-815.72,-1522.9,-701.6,159.27,818.84,855.68,-1557.3,-781.38,-701.6,-818.84,-0.20971,0.97769,0,0.97769,0.20971,3.9131e-08,3.8153e-08,8.5479e-09,1,-3040.2,-1.2383,74424,66418,66418,66418,-1,8323,1,0.095,0.095,-0.1,0
-9.4476e-05,0.010874,0,-812.5,-1518.8,-699.4,168.03,822.6,857.48,-1556.9,-774.44,-699.4,-822.6,-0.22039,0.97533,0,0.97533,0.22039,3.9131e-08,3.8084e-08,8.9913e-09,1,-3030.7,-1.2286,74424,66418,66418,66418,-1,8323,1,0.1,0.1,-0.1,0
-9.8986e-05,0.010897,0,-805.38,-1500.5,-691.76,177.28,817.82,847.51,-1543,-759.12,-695.49,-817.82,-0.23482,0.97187,0,0.92561,0.22356,0.046691,0.046261,0.011262,0.95331,-2997.6,-1.2211,74001,66042,66042,66042,-1,8276,1,0.105,0.105,-0.1,0
-0.00010353,0.010921,0,-798.24,-1482,-684.09,186.65,813.68,838.74,-1529.5,-744.18,-690.73,-813.68,-0.24912,0.96825,0,0.87631,0.22541,0.093382,0.091947,0.023714,0.90662,-2964.4,-1.2129,74001,66042,66042,66042,-1,8276,1,0.11,0.11,-0.1,0
-0.00010811,0.010946,0,-791.11,-1463.5,-676.39,196.14,810.17,831.15,-1516.3,-729.62,-685.13,-810.17,-0.2633,0.96447,0,0.82741,0.22594,0.14007,0.13706,0.037357,0.85993,-2931,-1.2039,74001,66042,66042,66042,-1,8276,1,0.115,0.115,-0.1,0
-0.00011273,0.010972,0,-783.96,-1444.9,-668.67,205.76,807.3,824.75,-1503.4,-715.45,-678.68,-807.3,-0.27735,0.96051,0,0.77892,0.22516,0.18676,0.18159,0.052191,0.81324,-2897.6,-1.194,74001,66042,66042,66042,-1,8276,1,0.12,0.12,-0.1,0
-0.00011739,0.010999,0,-776.81,-1426.2,-660.92,215.49,805.06,819.54,-1490.9,-701.65,-671.39,-805.06,-0.29127,0.95639,0,0.73084,0.22305,0.23345,0.22556,0.068216,0.76655,-2864,-1.1834,74001,66042,66042,66042,-1,8276,1,0.125,0.125,-0.1,0
-0.00012208,0.011026,0,-769.65,-1407.5,-653.13,225.34,803.46,815.52,-1478.8,-688.24,-663.25,-803.46,-0.30506,0.95211,0,0.68317,0.21963,0.28014,0.26894,0.085431,0.71986,-2830.3,-1.1719,74001,66042,66042,66042,-1,8276,1,0.13,0.13,-0.1,0
-0.00012681,0.011055,0,-762.49,-1388.6,-645.33,235.31,802.49,812.68,-1466.9,-675.2,-654.26,-802.49,-0.31872,0.94766,0,0.63591,0.21489,0.32684,0.31175,0.10384,0.67316,-2796.4,-1.1596,74001,66042,66042,66042,-1,8276,1,0.135,0.135,-0.1,0
-0.00013157,0.011085,0,-755.32,-1369.6,-637.49,245.4,802.15,811.04,-1455.5,-662.55,-644.43,-802.15,-0.33226,0.94304,0,0.58906,0.20883,0.37353,0.35399,0.12343,0.62647,-2762.5,-1.1465,74001,66042,66042,66042,-1,8276,1,0.14,0.14,-0.1,0
-0.00013637,0.011115,0,-748.15,-1350.6,-629.63,255.61,802.46,810.59,-1444.3,-650.28,-633.76,-802.46,-0.34567,0.93826,0,0.54261,0.20145,0.42022,0.39565,0.14422,0.57978,-2728.4,-1.1326,74001,66042,66042,66042,-1,8276,1,0.145,0.145,-0.1,0
-0.00014121,0.011147,0,-740.97,-1331.5,-621.73,265.95,803.39,811.33,-1433.6,-638.39,-622.23,-803.39,-0.35895,0.93331,0,0.49658,0.19275,0.46691,0.43673,0.1662,0.53309,-2694.2,-1.1179,74001,66042,66042,66042,-1,8276,1,0.15,0.15,-0.1,0
-0.00014608,0.011179,0,-733.78,-1312.3,-613.81,276.4,804.97,813.25,-1423.1,-626.88,-609.86,-804.97,-0.37211,0.9282,0,0.45095,0.18274,0.5136,0.47724,0.18937,0.4864,-2659.9,-1.1023,74001,66042,66042,66042,-1,8276,1,0.155,0.155,-0.1,0
-0.00015099,0.011212,0,-726.59,-1293,-605.86,286.97,807.17,816.37,-1413,-615.75,-596.65,-807.17,-0.38513,0.92292,0,0.40574,0.1714,0.56029,0.51718,0.21373,0.43971,-2625.4,-1.086,74001,66042,66042,66042,-1,8276,1,0.16,0.16,-0.1,0
-0.00015594,0.011247,0,-719.39,-1273.6,-597.89,297.66,810.02,820.67,-1403.3,-605,-582.59,-810.02,-0.39803,0.91747,0,0.36093,0.15875,0.60698,0.55654,0.23928,0.39302,-2590.8,-1.0688,74001,66042,66042,66042,-1,8276,1,0.165,0.165,-0.1,0
-0.00016092,0.011282,0,-712.19,-1254.1,-589.88,308.47,813.5,826.16,-1393.8,-594.63,-567.68,-813.5,-0.4108,0.91186,0,0.31654,0.14478,0.65367,0.59532,0.26602,0.34633,-2556.2,-1.0509,74001,66042,66042,66042,-1,8276,1,0.17,0.17,-0.1,0
-0.00016594,0.011318,0,-704.98,-1234.5,-581.85,319.4,817.61,832.85,-1384.8,-584.65,-551.93,-817.61,-0.42345,0.90608,0,0.27255,0.12949,0.70036,0.63353,0.29396,0.29964,-2521.4,-1.0321,74001,66042,66042,66042,-1,8276,1,0.175,0.175,-0.1,0
-0.00017099,0.011355,0,-697.76,-1214.9,-573.79,330.45,822.36,840.72,-1376.1,-575.04,-535.33,-822.36,-0.43597,0.90014,0,0.22897,0.11288,0.74705,0.67117,0.32308,0.25295,-2486.4,-1.0125,74001,66042,66042,66042,-1,8276,1,0.18,0.18,-0.1,0
-0.00017608,0.011393,0,-690.54,-1195.1,-565.7,341.63,827.74,849.78,-1367.7,-565.82,-517.89,-827.74,-0.44835,0.89403,0,0.1858,0.09496,0.79374,0.70823,0.35339,0.20626,-2451.4,-0.99207,74001,66042,66042,66042,-1,8276,1,0.185,0.185,-0.1,0
-0.00018121,0.011432,0,-683.32,-1175.3,-557.59,352.92,833.76,860.03,-1359.6,-556.98,-499.6,-833.76,-0.46062,0.88776,0,0.14304,0.075716,0.84043,0.74471,0.3849,0.15957,-2416.2,-0.97085,74001,66042,66042,66042,-1,8276,1,0.19,0.19,-0.1,0
-0.00018637,0.011472,0,-676.08,-1155.4,-549.44,364.33,840.41,871.47,-1351.9,-548.52,-480.46,-840.41,-0.47275,0.88131,0,0.10069,0.055154,0.88713,0.78062,0.4176,0.11287,-2380.9,-0.94882,74001,66042,66042,66042,-1,8276,1,0.195,0.195,-0.1,0
-0.00019157,0.011513,0,-668.84,-1135.4,-541.27,375.86,847.7,884.1,-1344.6,-540.44,-460.48,-847.7,-0.48476,0.87471,0,0.05875,0.033274,0.93382,0.81596,0.45148,0.066184,-2345.5,-0.92598,74001,66042,66042,66042,-1,8276,1,0.2,0.2,-0.1,0
-0.00019681,0.011555,0,-661.6,-1115.3,-533.07,387.51,855.63,897.92,-1337.6,-532.74,-439.65,-855.63,-0.49664,0.86793,0,0.017218,0.010075,0.98051,0.85072,0.48656,0.019493,-2310,-0.90232,74001,66042,66042,66042,-1,8276,1,0.205,0.205,-0.1,0
-0.00020147,0.011599,0,-657.09,-1087.7,-523.43,393.75,851.34,896.53,-1320.6,-523.43,-424.11,-851.34,-0.55073,0.88717,0,0,0,1,0.86036,0.51035,0,-2268.2,-0.88942,73578,65666,65666,65666,-1,8229,1,0.21,0.21,-0.1,0
-0.00020594,0.011645,0,-654.7,-1054.6,-512.78,395.87,838.59,884.34,-1296.8,-512.78,-412.46,-838.59,-0.62496,0.91799,0,0,0,1,0.85191,0.5254,0,-2222.1,-0.88393,73578,65666,65666,65666,-1,8229,1,0.215,0.215,-0.1,0
-0.00021071,0.011691,0,-652.5,-1021.3,-502.15,397.74,826.61,873.05,-1273.4,-502.15,-400.39,-826.61,-0.68632,0.93979,0,0,0,1,0.84294,0.54041,0,-2176,-0.87758,73578,65666,65666,65666,-1,8229,1,0.22,0.22,-0.1,0
-0.00021578,0.011738,0,-650.47,-987.98,-491.54,399.38,815.4,862.65,-1250.5,-491.54,-387.9,-815.4,-0.73482,0.95259,0,0,0,1,0.83347,0.55536,0,-2130,-0.87034,73578,65666,65666,65666,-1,8229,1,0.225,0.225,-0.1,0
-0.00022115,0.011784,0,-648.62,-954.5,-480.94,400.79,804.97,853.14,-1228.1,-480.94,-374.99,-804.97,-0.77046,0.95637,0,0,0,1,0.82349,0.57026,0,-2084.1,-0.86223,73578,65666,65666,65666,-1,8229,1,0.23,0.23,-0.1,0
-0.00022682,0.01183,0,-646.95,-920.89,-470.35,401.95,795.3,844.53,-1206.2,-470.35,-361.66,-795.3,-0.79323,0.95114,0,0,0,1,0.813,0.58511,0,-2038.2,-0.85325,73578,65666,65666,65666,-1,8229,1,0.235,0.235,-0.1,0
-0.0002328,0.011877,0,-645.47,-887.15,-459.78,402.88,786.41,836.81,-1184.7,-459.78,-347.9,-786.41,-0.80313,0.93689,0,0,0,1,0.802,0.59991,0,-1992.4,-0.84338,73578,65666,65666,65666,-1,8229,1,0.24,0.24,-0.1,0
-0.00023907,0.011924,0,-644.16,-853.28,-449.23,403.56,778.29,829.98,-1163.7,-449.23,-333.73,-778.29,-0.80017,0.91363,0,0,0,1,0.7905,0.61466,0,-1946.7,-0.83264,73578,65666,65666,65666,-1,8229,1,0.245,0.245,-0.1,0
-0.00024565,0.011971,0,-643.04,-819.28,-438.69,404.01,770.94,824.05,-1143.2,-438.69,-319.13,-770.94,-0.78435,0.88136,0,0,0,1,0.77849,0.62936,0,-1901,-0.82103,73578,65666,65666,65666,-1,8229,1,0.25,0.25,-0.1,0
-0.00025253,0.012018,0,-642.09,-785.15,-428.17,404.22,764.36,819.01,-1123.1,-428.17,-304.11,-764.36,-0.75565,0.84008,0,0,0,1,0.76597,0.644,0,-1855.4,-0.80854,73578,65666,65666,65666,-1,8229,1,0.255,0.255,-0.1,0
-0.0002597,0.012065,0,-641.33,-750.89,-417.67,404.2,758.55,814.87,-1103.5,-417.67,-288.68,-758.55,-0.7141,0.78978,0,0,0,1,0.75294,0.6586,0,-1809.9,-0.79517,73578,65666,65666,65666,-1,8229,1,0.26,0.26,-0.1,0
-0.00026718,0.012112,0,-640.74,-716.51,-407.18,403.93,753.52,811.62,-1084.4,-407.18,-272.82,-753.52,-0.65967,0.73047,0,0,0,1,0.73941,0.67314,0,-1764.4,-0.78093,73578,65666,65666,65666,-1,8229,1,0.265,0.265,-0.1,0
-0.00027496,0.01216,0,-640.34,-681.99,-396.7,403.43,749.25,809.26,-1065.8,-396.7,-256.54,-749.25,-0.59238,0.66215,0,0,0,1,0.72537,0.68764,0,-1719,-0.76581,73578,65666,65666,65666,-1,8229,1,0.27,0.27,-0.1,0
-0.00028305,0.012207,0,-640.12,-647.35,-386.24,402.69,745.76,807.8,-1047.6,-386.24,-239.84,-745.76,-0.51223,0.58481,0,0,0,1,0.71082,0.70208,0,-1673.7,-0.74981,73578,65666,65666,65666,-1,8229,1,0.275,0.275,-0.1,0
-0.00029143,0.012255,0,-640.08,-612.58,-375.8,401.71,743.04,807.23,-1029.9,-375.8,-222.71,-743.04,-0.41921,0.49846,0,0,0,1,0.69577,0.71647,0,-1628.5,-0.73294,73578,65666,65666,65666,-1,8229,1,0.28,0.28,-0.1,0
-0.00030011,0.012303,0,-640.22,-577.67,-365.37,400.5,741.09,807.56,-1012.7,-365.37,-205.17,-741.09,-0.31333,0.4031,0,0,0,1,0.6802,0.73081,0,-1583.3,-0.71519,73578,65666,65666,65666,-1,8229,1,0.285,0.285,-0.1,0
-0.0003091,0.01235,0,-640.54,-542.64,-354.95,399.04,739.91,808.77,-995.98,-354.95,-187.2,-739.91,-0.19458,0.29872,0,0,0,1,0.66413,0.7451,0,-1538.1,-0.69656,73578,65666,65666,65666,-1,8229,1,0.29,0.29,-0.1,0
-0.00031838,0.012398,0,-641.04,-507.49,-344.56,397.35,739.5,810.89,-979.71,-344.56,-168.82,-739.5,-0.062963,0.18534,0,0,0,1,0.64756,0.75934,0,-1493.1,-0.67706,73578,65666,65666,65666,-1,8229,1,0.295,0.295,-0.1,0
-0.00032797,0.012447,0,-641.72,-472.2,-334.18,395.42,739.86,813.9,-963.91,-334.18,-150.01,-739.86,0.081519,0.062934,0,0,0,1,0.63047,0.77353,0,-1448.1,-0.65668,73578,65666,65666,65666,-1,8229,1,0.3,0.3,-0.1,0
-0.00033786,0.012495,0,-642.58,-436.78,-323.81,393.25,740.99,817.8,-948.58,-323.81,-130.78,-740.99,0.23886,-0.06848,0,0,0,1,0.61288,0.78766,0,-1403.2,-0.63543,73578,65666,65666,65666,-1,8229,1,0.305,0.305,-0.1,0
-0.00034805,0.012543,0,-643.63,-401.24,-313.46,390.84,742.9,822.59,-933.73,-313.46,-111.13,-742.9,0.40908,-0.20891,0,0,0,1,0.59478,0.80175,0,-1358.3,-0.6133,73578,65666,65666,65666,-1,8229,1,0.31,0.31,-0.1,0
-0.00035854,0.012592,0,-644.85,-365.56,-303.12,388.2,745.58,828.28,-919.35,-303.12,-91.065,-745.58,0.59215,-0.35835,0,0,0,1,0.57617,0.81578,0,-1313.5,-0.59029,73578,65666,65666,65666,-1,8229,1,0.315,0.315,-0.1,0
-0.00036933,0.01264,0,-646.25,-329.76,-292.8,385.32,749.03,834.86,-905.44,-292.8,-70.574,-749.03,0.7881,-0.5168,0,0,0,1,0.55705,0.82977,0,-1268.8,-0.56641,73578,65666,65666,65666,-1,8229,1,0.32,0.32,-0.1,0
-0.00038037,0.012687,0,-640.46,-309.45,-284.97,374.38,735.04,819.85,-884.88,-284.97,-65.029,-735.04,0.83777,-0.54652,0,0,0,1,0.54652,0.83777,0,-1234.9,-0.56242,73155,65290,65290,65290,-1,8182,1,0.325,0.325,-0.1,0
-0.00039133,0.012733,0,-632.45,-293.73,-277.85,361.3,716.34,798.99,-862.58,-277.85,-63.593,-716.34,0.84406,-0.53803,0,0,0,1,0.53803,0.84406,0,-1204,-0.56368,73155,65290,65290,65290,-1,8182,1,0.33,0.33,-0.1,0
-0.00040218,0.012778,0,-624.25,-278.24,-270.75,348.31,698,778.56,-840.53,-270.75,-61.968,-698,0.85031,-0.52903,0,0,0,1,0.52903,0.85031,0,-1173.2,-0.56441,73155,65290,65290,65290,-1,8182,1,0.335,0.335,-0.1,0
-0.00041293,0.012822,0,-615.87,-262.99,-263.66,335.41,680.03,758.55,-818.71,-263.66,-60.154,-680.03,0.85653,-0.51952,0,0,0,1,0.51952,0.85653,0,-1142.5,-0.56459,73155,65290,65290,65290,-1,8182,1,0.34,0.34,-0.1,0
-0.00042356,0.012866,0,-607.3,-247.97,-256.58,322.61,662.42,738.97,-797.12,-256.58,-58.152,-662.42,0.86272,-0.50951,0,0,0,1,0.50951,0.86272,0,-1111.9,-0.56423,73155,65290,65290,65290,-1,8182,1,0.345,0.345,-0.1,0
-0.00043408,0.012909,0,-598.55,-233.19,-249.52,309.89,645.17,719.82,-775.78,-249.52,-55.962,-645.17,0.86887,-0.49899,0,0,0,1,0.49899,0.86887,0,-1081.3,-0.56333,73155,65290,65290,65290,-1,8182,1,0.35,0.35,-0.1,0
-0.00044449,0.012951,0,-589.61,-218.64,-242.48,297.27,628.29,701.09,-754.68,-242.48,-53.583,-628.29,0.87498,-0.48795,0,0,0,1,0.48795,0.87498,0,-1050.7,-0.56188,73155,65290,65290,65290,-1,8182,1,0.355,0.355,-0.1,0
-0.00045479,0.012992,0,-580.49,-204.33,-235.45,284.74,611.77,682.79,-733.81,-235.45,-51.015,-611.77,0.88106,-0.47641,0,0,0,1,0.47641,0.88106,0,-1020.3,-0.5599,73155,65290,65290,65290,-1,8182,1,0.36,0.36,-0.1,0
-0.00046498,0.013033,0,-571.19,-190.25,-228.43,272.29,595.61,664.92,-713.18,-228.43,-48.258,-595.61,0.8871,-0.46436,0,0,0,1,0.46436,0.8871,0,-989.87,-0.55737,73155,65290,65290,65290,-1,8182,1,0.365,0.365,-0.1,0
-0.00047506,0.013074,0,-561.7,-176.41,-221.43,259.94,579.82,647.48,-692.79,-221.43,-45.313,-579.82,0.89311,-0.45181,0,0,0,1,0.45181,0.89311,0,-959.54,-0.55429,73155,65290,65290,65290,-1,8182,1,0.37,0.37,-0.1,0
-0.00048503,0.013113,0,-552.02,-162.8,-214.45,247.69,564.39,630.46,-672.64,-214.45,-42.18,-564.39,0.89908,-0.43874,0,0,0,1,0.43874,0.89908,0,-929.26,-0.55068,73155,65290,65290,65290,-1,8182,1,0.375,0.375,-0.1,0
-0.00049489,0.013152,0,-542.16,-149.42,-207.48,235.52,549.33,613.87,-652.73,-207.48,-38.858,-549.33,0.90502,-0.42517,0,0,0,1,0.42517,0.90502,0,-899.06,-0.54652,73155,65290,65290,65290,-1,8182,1,0.38,0.38,-0.1,0
-0.00050465,0.013191,0,-532.12,-136.28,-200.52,223.44,534.63,597.7,-633.05,-200.52,-35.347,-534.63,0.91092,-0.41108,0,0,0,1,0.41108,0.91092,0,-868.92,-0.54182,73155,65290,65290,65290,-1,8182,1,0.385,0.385,-0.1,0
-0.00051429,0.013229,0,-521.89,-123.38,-193.58,211.46,520.3,581.97,-613.62,-193.58,-31.648,-520.3,0.91678,-0.39649,0,0,0,1,0.39649,0.91678,0,-838.84,-0.53658,73155,65290,65290,65290,-1,8182,1,0.39,0.39,-0.1,0
-0.00052382,0.013266,0,-511.47,-110.7,-186.65,199.56,506.32,566.66,-594.42,-186.65,-27.76,-506.32,0.92261,-0.38139,0,0,0,1,0.38139,0.92261,0,-808.83,-0.53079,73155,65290,65290,65290,-1,8182,1,0.395,0.395,-0.1,0
-0.00053324,0.013302,0,-500.87,-98.268,-179.74,187.76,492.72,551.77,-575.46,-179.74,-23.683,-492.72,0.92841,-0.36578,0,0,0,1,0.36578,0.92841,0,-778.88,-0.52446,73155,65290,65290,65290,-1,8182,1,0.4,0.4,-0.1,0
-0.00054255,0.013338,0,-490.09,-86.066,-172.85,176.05,479.47,537.32,-556.74,-172.85,-19.418,-479.47,0.93417,-0.34966,0,0,0,1,0.34966,0.93417,0,-749,-0.51759,73155,65290,65290,65290,-1,8182,1,0.405,0.405,-0.1,0
-0.00055175,0.013373,0,-479.12,-74.098,-165.97,164.43,466.59,523.29,-538.25,-165.97,-14.965,-466.59,0.93989,-0.33304,0,0,0,1,0.33304,0.93989,0,-719.18,-0.51018,73155,65290,65290,65290,-1,8182,1,0.41,0.41,-0.1,0
-0.00056084,0.013407,0,-467.97,-62.364,-159.1,152.9,454.07,509.69,-520.01,-159.1,-10.323,-454.07,0.94558,-0.3159,0,0,0,1,0.3159,0.94558,0,-689.43,-0.50223,73155,65290,65290,65290,-1,8182,1,0.415,0.415,-0.1,0
-0.00056982,0.013441,0,-456.63,-50.866,-152.25,141.47,441.92,496.51,-502,-152.25,-5.4918,-441.92,0.95123,-0.29826,0,0,0,1,0.29826,0.95123,0,-659.74,-0.49373,73155,65290,65290,65290,-1,8182,1,0.42,0.42,-0.1,0
-0.00057869,0.013474,0,-445.11,-39.601,-145.41,130.12,430.13,483.76,-484.24,-145.41,-0.47238,-430.13,0.95685,-0.28011,0,0,0,1,0.28011,0.95685,0,-630.12,-0.48469,73155,65290,65290,65290,-1,8182,1,0.425,0.425,-0.1,0
-0.00058745,0.013507,0,-433.4,-28.572,-138.59,118.87,418.7,471.44,-466.71,-138.59,4.7356,-418.7,0.96243,-0.26145,0,0,0,1,0.26145,0.96243,0,-600.56,-0.4751,73155,65290,65290,65290,-1,8182,1,0.43,0.43,-0.1,0
-0.0005961,0.013538,0,-421.51,-17.776,-131.79,107.71,407.64,459.55,-449.42,-131.79,10.132,-407.64,0.96798,-0.24228,0,0,0,1,0.24228,0.96798,0,-571.07,-0.46498,73155,65290,65290,65290,-1,8182,1,0.435,0.435,-0.1,0
-0.00060464,0.013569,0,-409.43,-7.2157,-124.99,96.633,396.94,448.08,-432.36,-124.99,15.717,-396.94,0.97349,-0.22261,0,0,0,1,0.22261,0.97349,0,-541.64,-0.45431,73155,65290,65290,65290,-1,8182,1,0.44,0.44,-0.1,0
-0.00061317,0.0136,0,-400.19,-3.3933,-121.08,90.638,387.75,437.89,-420.74,-121.08,17.153,-387.75,0.97599,-0.21371,0,0,0,1,0.21371,0.97599,0,-524.66,-0.45142,72732,64914,64914,64914,-1,8135,1,0.445,0.445,-0.1,0
-0.00062164,0.01363,0,-393.16,-4.2674,-119.23,88.264,379.56,428.53,-412.98,-119.23,15.548,-379.56,0.97635,-0.2127,0,0,0,1,0.2127,0.97635,0,-516.66,-0.45437,72732,64914,64914,64914,-1,8135,1,0.45,0.45,-0.1,0
-0.00062999,0.01366,0,-386.21,-5.0836,-117.39,85.894,371.5,419.31,-405.3,-117.39,14.009,-371.5,0.97673,-0.21151,0,0,0,1,0.21151,0.97673,0,-508.68,-0.45723,72732,64914,64914,64914,-1,8135,1,0.455,0.455,-0.1,0
-0.00063821,0.01369,0,-379.34,-5.8419,-115.55,83.53,363.57,410.25,-397.71,-115.55,12.535,-363.57,0.97713,-0.21014,0,0,0,1,0.21014,0.97713,0,-500.73,-0.46001,72732,64914,64914,64914,-1,8135,1,0.46,0.46,-0.1,0
-0.0006463,0.013719,0,-372.54,-6.5422,-113.73,81.171,355.76,401.34,-390.21,-113.73,11.126,-355.76,0.97755,-0.20858,0,0,0,1,0.20858,0.97755,0,-492.81,-0.46271,72732,64914,64914,64914,-1,8135,1,0.465,0.465,-0.1,0
-0.00065426,0.013748,0,-365.83,-7.1846,-111.9,78.818,348.09,392.58,-382.79,-111.9,9.7815,-348.09,0.97799,-0.20683,0,0,0,1,0.20683,0.97799,0,-484.92,-0.46533,72732,64914,64914,64914,-1,8135,1,0.47,0.47,-0.1,0
-0.00066209,0.013776,0,-359.19,-7.7691,-110.09,76.469,340.55,383.97,-375.46,-110.09,8.5025,-340.55,0.97845,-0.2049,0,0,0,1,0.2049,0.97845,0,-477.05,-0.46787,72732,64914,64914,64914,-1,8135,1,0.475,0.475,-0.1,0
-0.00066979,0.013805,0,-352.63,-8.2957,-108.28,74.126,333.13,375.51,-368.22,-108.28,7.2886,-333.13,0.97893,-0.20278,0,0,0,1,0.20278,0.97893,0,-469.21,-0.47032,72732,64914,64914,64914,-1,8135,1,0.48,0.48,-0.1,0
-0.00067736,0.013833,0,-346.15,-8.7643,-106.48,71.787,325.84,367.2,-361.06,-106.48,6.1398,-325.84,0.97944,-0.20048,0,0,0,1,0.20048,0.97944,0,-461.39,-0.4727,72732,64914,64914,64914,-1,8135,1,0.485,0.485,-0.1,0
-0.0006848,0.01386,0,-339.75,-9.1749,-104.68,69.454,318.68,359.04,-353.99,-104.68,5.0561,-318.68,0.97996,-0.198,0,0,0,1,0.198,0.97996,0,-453.61,-0.47499,72732,64914,64914,64914,-1,8135,1,0.49,0.49,-0.1,0
-0.00069212,0.013887,0,-333.43,-9.5277,-102.89,67.126,311.65,351.04,-347,-102.89,4.0374,-311.65,0.9805,-0.19533,0,0,0,1,0.19533,0.9805,0,-445.85,-0.47721,72732,64914,64914,64914,-1,8135,1,0.495,0.495,-0.1,0
-0.0006993,0.013914,0,-327.19,-9.8225,-101.1,64.804,304.75,343.18,-340.1,-101.1,3.0839,-304.75,0.98106,-0.19247,0,0,0,1,0.19247,0.98106,0,-438.12,-0.47934,72732,64914,64914,64914,-1,8135,1,0.5,0.5,-0.1,0
-0.00070636,0.013941,0,-321.03,-10.059,-99.326,62.486,297.98,335.48,-333.28,-99.326,2.1954,-297.98,0.98164,-0.18943,0,0,0,1,0.18943,0.98164,0,-430.41,-0.48139,72732,64914,64914,64914,-1,8135,1,0.505,0.505,-0.1,0
-0.00071329,0.013967,0,-314.94,-10.238,-97.554,60.174,291.34,327.92,-326.55,-97.554,1.372,-291.34,0.98225,-0.1862,0,0,0,1,0.1862,0.98225,0,-422.73,-0.48336,72732,64914,64914,64914,-1,8135,1,0.51,0.51,-0.1,0
-0.00072008,0.013993,0,-308.93,-10.359,-95.788,57.867,284.83,320.52,-319.91,-95.788,0.61363,-284.83,0.98287,-0.18279,0,0,0,1,0.18279,0.98287,0,-415.08,-0.48525,72732,64914,64914,64914,-1,8135,1,0.515,0.515,-0.1,0
-0.00072675,0.014018,0,-303.01,-10.422,-94.029,55.565,278.44,313.27,-313.35,-94.029,-0.079612,-278.44,0.98351,-0.17919,0,0,0,1,0.17919,0.98351,0,-407.46,-0.48705,72732,64914,64914,64914,-1,8135,1,0.52,0.52,-0.1,0
-0.00073329,0.014043,0,-297.16,-10.428,-92.276,53.268,272.19,306.17,-306.88,-92.276,-0.70778,-272.19,0.98418,-0.17541,0,0,0,1,0.17541,0.98418,0,-399.86,-0.48878,72732,64914,64914,64914,-1,8135,1,0.525,0.525,-0.1,0
-0.0007397,0.014068,0,-291.39,-10.375,-90.529,50.976,266.06,299.22,-300.49,-90.529,-1.2709,-266.06,0.98486,-0.17144,0,0,0,1,0.17144,0.98486,0,-392.29,-0.49042,72732,64914,64914,64914,-1,8135,1,0.53,0.53,-0.1,0
-0.00074598,0.014093,0,-285.7,-10.264,-88.788,48.69,260.06,292.42,-294.19,-88.788,-1.7689,-260.06,0.98556,-0.16729,0,0,0,1,0.16729,0.98556,0,-384.75,-0.49199,72732,64914,64914,64914,-1,8135,1,0.535,0.535,-0.1,0
-0.00075214,0.014117,0,-280.08,-10.095,-87.054,46.409,254.2,285.78,-287.98,-87.054,-2.2018,-254.2,0.98629,-0.16295,0,0,0,1,0.16295,0.98629,0,-377.23,-0.49347,72732,64914,64914,64914,-1,8135,1,0.54,0.54,-0.1,0
-0.00075816,0.014141,0,-274.55,-9.8689,-85.326,44.133,248.46,279.28,-281.85,-85.326,-2.5696,-248.46,0.98703,-0.15843,0,0,0,1,0.15843,0.98703,0,-369.74,-0.49487,72732,64914,64914,64914,-1,8135,1,0.545,0.545,-0.1,0
-0.00076405,0.014164,0,-269.09,-9.5844,-83.604,41.862,242.85,272.93,-275.81,-83.604,-2.8724,-242.85,0.9878,-0.15372,0,0,0,1,0.15372,0.9878,0,-362.28,-0.49619,72732,64914,64914,64914,-1,8135,1,0.55,0.55,-0.1,0
-0.00076982,0.014187,0,-263.72,-9.242,-81.888,39.596,237.37,266.74,-269.85,-81.888,-3.1101,-237.37,0.98858,-0.14883,0,0,0,1,0.14883,0.98858,0,-354.85,-0.49743,72732,64914,64914,64914,-1,8135,1,0.555,0.555,-0.1,0
-0.00077546,0.01421,0,-258.42,-8.8416,-80.179,37.335,232.01,260.7,-263.98,-80.179,-3.2827,-232.01,0.98938,-0.14375,0,0,0,1,0.14375,0.98938,0,-347.44,-0.49859,72732,64914,64914,64914,-1,8135,1,0.56,0.56,-0.1,0
-0.00078096,0.014232,0,-253.2,-8.3833,-78.476,35.08,226.79,254.8,-258.2,-78.476,-3.3902,-226.79,0.99021,-0.13849,0,0,0,1,0.13849,0.99021,0,-340.06,-0.49966,72732,64914,64914,64914,-1,8135,1,0.565,0.565,-0.1,0
-0.00078634,0.014254,0,-248.06,-7.8671,-76.779,32.83,221.7,249.06,-252.5,-76.779,-3.4327,-221.7,0.99105,-0.13304,0,0,0,1,0.13304,0.99105,0,-332.71,-0.50066,72732,64914,64914,64914,-1,8135,1,0.57,0.57,-0.1,0
-0.00079179,0.014277,0,-245.66,-7.7186,-76.013,32.304,219.49,246.59,-249.98,-76.013,-3.3935,-219.49,0.99118,-0.13235,0,0,0,1,0.13235,0.99118,0,-329.39,-0.5007,72309,64538,64538,64538,-1,8088,1,0.575,0.575,-0.1,0
-0.00079719,0.014299,0,-243.29,-7.5667,-75.257,31.795,217.33,244.17,-247.51,-75.257,-3.3444,-217.33,0.99129,-0.13166,0,0,0,1,0.13166,0.99129,0,-326.11,-0.50068,72309,64538,64538,64538,-1,8088,1,0.58,0.58,-0.1,0
-0.00080253,0.01432,0,-240.91,-7.4047,-74.494,31.276,215.17,241.74,-245.03,-74.494,-3.2862,-215.17,0.99142,-0.13087,0,0,0,1,0.13087,0.99142,0,-322.81,-0.50061,72309,64538,64538,64538,-1,8088,1,0.585,0.585,-0.1,0
-0.00080782,0.014342,0,-238.52,-7.2324,-73.726,30.745,213.01,239.32,-242.53,-73.726,-3.2189,-213.01,0.99155,-0.13,0,0,0,1,0.13,0.99155,0,-319.48,-0.50049,72309,64538,64538,64538,-1,8088,1,0.59,0.59,-0.1,0
-0.00081305,0.014363,0,-236.12,-7.05,-72.952,30.204,210.84,236.89,-240.03,-72.952,-3.1423,-210.84,0.99168,-0.12903,0,0,0,1,0.12903,0.99168,0,-316.12,-0.50031,72309,64538,64538,64538,-1,8088,1,0.595,0.595,-0.1,0
-0.00081822,0.014385,0,-233.71,-6.8575,-72.172,29.651,208.68,234.46,-237.52,-72.172,-3.0566,-208.68,0.99183,-0.12797,0,0,0,1,0.12797,0.99183,0,-312.74,-0.50008,72309,64538,64538,64538,-1,8088,1,0.6,0.6,-0.1,0
-0.00082334,0.014406,0,-231.3,-6.6547,-71.385,29.087,206.5,232.03,-234.99,-71.385,-2.9618,-206.5,0.99198,-0.12682,0,0,0,1,0.12682,0.99198,0,-309.34,-0.4998,72309,64538,64538,64538,-1,8088,1,0.605,0.605,-0.1,0
-0.0008284,0.014427,0,-228.87,-6.4418,-70.593,28.512,204.33,229.6,-232.45,-70.593,-2.8578,-204.33,0.99213,-0.12558,0,0,0,1,0.12558,0.99213,0,-305.9,-0.49946,72309,64538,64538,64538,-1,8088,1,0.61,0.61,-0.1,0
-0.00083341,0.014447,0,-226.43,-6.2187,-69.795,27.926,202.16,227.16,-229.91,-69.795,-2.7446,-202.16,0.9923,-0.12425,0,0,0,1,0.12425,0.9923,0,-302.45,-0.49908,72309,64538,64538,64538,-1,8088,1,0.615,0.615,-0.1,0
-0.00083836,0.014468,0,-223.98,-5.9855,-68.991,27.329,199.98,224.73,-227.35,-68.991,-2.6223,-199.98,0.99247,-0.12283,0,0,0,1,0.12283,0.99247,0,-298.96,-0.49864,72309,64538,64538,64538,-1,8088,1,0.62,0.62,-0.1,0
-0.00084325,0.014488,0,-221.53,-5.7421,-68.181,26.721,197.8,222.29,-224.78,-68.181,-2.4908,-197.8,0.99264,-0.12132,0,0,0,1,0.12132,0.99264,0,-295.45,-0.49815,72309,64538,64538,64538,-1,8088,1,0.625,0.625,-0.1,0
-0.00084808,0.014508,0,-219.06,-5.4885,-67.365,26.102,195.62,219.85,-222.2,-67.365,-2.3501,-195.62,0.99283,-0.11972,0,0,0,1,0.11972,0.99283,0,-291.91,-0.49761,72309,64538,64538,64538,-1,8088,1,0.63,0.63,-0.1,0
-0.00085286,0.014528,0,-216.59,-5.2247,-66.543,25.472,193.44,217.41,-219.61,-66.543,-2.2003,-193.44,0.99302,-0.11803,0,0,0,1,0.11803,0.99302,0,-288.35,-0.49701,72309,64538,64538,64538,-1,8088,1,0.635,0.635,-0.1,0
-0.00085759,0.014548,0,-214.1,-4.9508,-65.715,24.831,191.25,214.97,-217.01,-65.715,-2.0413,-191.25,0.99321,-0.11625,0,0,0,1,0.11625,0.99321,0,-284.77,-0.49636,72309,64538,64538,64538,-1,8088,1,0.64,0.64,-0.1,0
-0.00086226,0.014568,0,-211.6,-4.6667,-64.881,24.178,189.07,212.52,-214.4,-64.881,-1.8732,-189.07,0.99342,-0.11438,0,0,0,1,0.11438,0.99342,0,-281.15,-0.49567,72309,64538,64538,64538,-1,8088,1,0.645,0.645,-0.1,0
-0.00086687,0.014587,0,-209.1,-4.3724,-64.041,23.515,186.88,210.08,-211.77,-64.041,-1.6959,-186.88,0.99363,-0.11241,0,0,0,1,0.11241,0.99363,0,-277.51,-0.49491,72309,64538,64538,64538,-1,8088,1,0.65,0.65,-0.1,0
-0.00087142,0.014607,0,-206.58,-4.0679,-63.195,22.84,184.68,207.63,-209.14,-63.195,-1.5094,-184.68,0.99384,-0.11036,0,0,0,1,0.11036,0.99384,0,-273.85,-0.49411,72309,64538,64538,64538,-1,8088,1,0.655,0.655,-0.1,0
-0.00087592,0.014626,0,-204.06,-3.7533,-62.343,22.155,182.49,205.18,-206.5,-62.343,-1.3138,-182.49,0.99407,-0.10822,0,0,0,1,0.10822,0.99407,0,-270.15,-0.49325,72309,64538,64538,64538,-1,8088,1,0.66,0.66,-0.1,0
-0.00088037,0.014645,0,-201.52,-3.4285,-61.485,21.458,180.29,202.73,-203.84,-61.485,-1.109,-180.29,0.9943,-0.10598,0,0,0,1,0.10598,0.9943,0,-266.44,-0.49235,72309,64538,64538,64538,-1,8088,1,0.665,0.665,-0.1,0
-0.00088475,0.014663,0,-198.98,-3.0936,-60.622,20.75,178.1,200.28,-201.18,-60.622,-0.89511,-178.1,0.99454,-0.10366,0,0,0,1,0.10366,0.99454,0,-262.69,-0.49139,72309,64538,64538,64538,-1,8088,1,0.67,0.67,-0.1,0
-0.00088908,0.014682,0,-196.42,-2.7484,-59.752,20.031,175.89,197.83,-198.5,-59.752,-0.67201,-175.89,0.99478,-0.10124,0,0,0,1,0.10124,0.99478,0,-258.92,-0.49037,72309,64538,64538,64538,-1,8088,1,0.675,0.675,-0.1,0
-0.00089336,0.0147,0,-193.86,-2.3931,-58.876,19.301,173.69,195.37,-195.81,-58.876,-0.43976,-173.69,0.99503,-0.098736,0,0,0,1,0.098736,0.99503,0,-255.13,-0.48931,72309,64538,64538,64538,-1,8088,1,0.68,0.68,-0.1,0
-0.00089758,0.014719,0,-191.29,-2.0277,-57.994,18.56,171.49,192.92,-193.12,-57.994,-0.19834,-171.49,0.99529,-0.096139,0,0,0,1,0.096139,0.99529,0,-251.31,-0.48819,72309,64538,64538,64538,-1,8088,1,0.685,0.685,-0.1,0
-0.00090174,0.014737,0,-188.7,-1.652,-57.107,17.808,169.28,190.46,-190.41,-57.107,0.052232,-169.28,0.99555,-0.093452,0,0,0,1,0.093452,0.99555,0,-247.46,-0.48702,72309,64538,64538,64538,-1,8088,1,0.69,0.69,-0.1,0
-0.00090584,0.014754,0,-186.11,-1.2662,-56.213,17.045,167.07,188,-187.69,-56.213,0.31197,-167.07,0.99582,-0.090675,0,0,0,1,0.090675,0.99582,0,-243.59,-0.4858,72309,64538,64538,64538,-1,8088,1,0.695,0.695,-0.1,0
-0.00090989,0.014772,0,-183.51,-0.87023,-55.313,16.271,164.86,185.54,-184.96,-55.313,0.58086,-164.86,0.9961,-0.087807,0,0,0,1,0.087807,0.9961,0,-239.69,-0.48453,72309,64538,64538,64538,-1,8088,1,0.7,0.7,-0.1,0
-0.00091389,0.01479,0,-180.89,-0.46407,-54.408,15.485,162.65,183.08,-182.22,-54.408,0.85892,-162.65,0.99638,-0.084849,0,0,0,1,0.084849,0.99638,0,-235.77,-0.4832,72309,64538,64538,64538,-1,8088,1,0.705,0.705,-0.1,0
-0.00091795,0.014807,0,-179.62,-0.49179,-54.034,15.246,161.44,181.71,-180.91,-54.034,0.7989,-161.44,0.99644,-0.084197,0,0,0,1,0.084197,0.99644,0,-234.15,-0.48349,71886,64162,64162,64162,-1,8041,1,0.71,0.71,-0.1,0
-0.00092199,0.014824,0,-178.36,-0.52264,-53.665,15.011,160.24,180.36,-179.62,-53.665,0.73697,-160.24,0.9965,-0.083548,0,0,0,1,0.083548,0.9965,0,-232.55,-0.48379,71886,64162,64162,64162,-1,8041,1,0.715,0.715,-0.1,0
-0.00092599,0.014842,0,-177.1,-0.55149,-53.294,14.775,159.04,179,-178.32,-53.294,0.67714,-159.04,0.99656,-0.082874,0,0,0,1,0.082874,0.99656,0,-230.94,-0.48407,71886,64162,64162,64162,-1,8041,1,0.72,0.72,-0.1,0
-0.00092997,0.014859,0,-175.83,-0.57832,-52.922,14.537,157.84,177.64,-177.02,-52.922,0.61942,-157.84,0.99662,-0.082175,0,0,0,1,0.082175,0.99662,0,-229.33,-0.48435,71886,64162,64162,64162,-1,8041,1,0.725,0.725,-0.1,0
-0.00093391,0.014876,0,-174.56,-0.60315,-52.547,14.298,156.64,176.29,-175.72,-52.547,0.5638,-156.64,0.99668,-0.08145,0,0,0,1,0.08145,0.99668,0,-227.71,-0.48462,71886,64162,64162,64162,-1,8041,1,0.73,0.73,-0.1,0
-0.00093783,0.014892,0,-173.28,-0.62596,-52.172,14.057,155.43,174.93,-174.42,-52.172,0.51028,-155.43,0.99675,-0.080701,0,0,0,1,0.080701,0.99675,0,-226.08,-0.48489,71886,64162,64162,64162,-1,8041,1,0.735,0.735,-0.1,0
-0.00094171,0.014909,0,-172,-0.64677,-51.794,13.814,154.23,173.56,-173.11,-51.794,0.45887,-154.23,0.99681,-0.079926,0,0,0,1,0.079926,0.99681,0,-224.44,-0.48514,71886,64162,64162,64162,-1,8041,1,0.74,0.74,-0.1,0
-0.00094556,0.014926,0,-170.72,-0.66557,-51.415,13.57,153.02,172.2,-171.79,-51.415,0.40956,-153.02,0.99687,-0.079126,0,0,0,1,0.079126,0.99687,0,-222.8,-0.48538,71886,64162,64162,64162,-1,8041,1,0.745,0.745,-0.1,0
-0.00094938,0.014942,0,-169.43,-0.68236,-51.034,13.324,151.81,170.84,-170.48,-51.034,0.36235,-151.81,0.99694,-0.0783,0,0,0,1,0.0783,0.99694,0,-221.15,-0.48562,71886,64162,64162,64162,-1,8041,1,0.75,0.75,-0.1,0
-0.00095317,0.014959,0,-168.14,-0.69715,-50.651,13.077,150.6,169.47,-169.16,-50.651,0.31725,-150.6,0.997,-0.07745,0,0,0,1,0.07745,0.997,0,-219.49,-0.48585,71886,64162,64162,64162,-1,8041,1,0.755,0.755,-0.1,0
-0.00095693,0.014975,0,-166.85,-0.70992,-50.267,12.828,149.39,168.11,-167.83,-50.267,0.27425,-149.39,0.99707,-0.076574,0,0,0,1,0.076574,0.99707,0,-217.82,-0.48606,71886,64162,64162,64162,-1,8041,1,0.76,0.76,-0.1,0
-0.00096066,0.014991,0,-165.55,-0.72069,-49.881,12.577,148.18,166.74,-166.5,-49.881,0.23335,-148.18,0.99713,-0.075673,0,0,0,1,0.075673,0.99713,0,-216.15,-0.48627,71886,64162,64162,64162,-1,8041,1,0.765,0.765,-0.1,0
-0.00096436,0.015007,0,-164.25,-0.72945,-49.494,12.325,146.96,165.37,-165.17,-49.494,0.19455,-146.96,0.9972,-0.074747,0,0,0,1,0.074747,0.9972,0,-214.47,-0.48647,71886,64162,64162,64162,-1,8041,1,0.77,0.77,-0.1,0
-0.00096802,0.015023,0,-162.94,-0.7362,-49.104,12.071,145.75,164,-163.84,-49.104,0.15786,-145.75,0.99727,-0.073795,0,0,0,1,0.073795,0.99727,0,-212.78,-0.48666,71886,64162,64162,64162,-1,8041,1,0.775,0.775,-0.1,0
-0.00097166,0.015039,0,-161.64,-0.74094,-48.713,11.816,144.53,162.62,-162.5,-48.713,0.12327,-144.53,0.99734,-0.072819,0,0,0,1,0.072819,0.99734,0,-211.09,-0.48685,71886,64162,64162,64162,-1,8041,1,0.78,0.78,-0.1,0
-0.00097526,0.015055,0,-160.32,-0.74368,-48.321,11.559,143.31,161.25,-161.16,-48.321,0.090786,-143.31,0.99741,-0.071817,0,0,0,1,0.071817,0.99741,0,-209.39,-0.48702,71886,64162,64162,64162,-1,8041,1,0.785,0.785,-0.1,0
-0.00097884,0.015071,0,-159.01,-0.7444,-47.926,11.301,142.09,159.87,-159.81,-47.926,0.060403,-142.09,0.99748,-0.07079,0,0,0,1,0.07079,0.99748,0,-207.68,-0.48719,71886,64162,64162,64162,-1,8041,1,0.79,0.79,-0.1,0
-0.00098238,0.015086,0,-157.69,-0.74312,-47.53,11.041,140.87,158.5,-158.47,-47.53,0.032124,-140.87,0.99756,-0.069738,0,0,0,1,0.069738,0.99756,0,-205.96,-0.48734,71886,64162,64162,64162,-1,8041,1,0.795,0.795,-0.1,0
-0.0009859,0.015102,0,-156.37,-0.73983,-47.132,10.779,139.65,157.12,-157.11,-47.132,0.0059478,-139.65,0.99763,-0.06866,0,0,0,1,0.06866,0.99763,0,-204.24,-0.48749,71886,64162,64162,64162,-1,8041,1,0.8,0.8,-0.1,0
-0.00098938,0.015117,0,-155.04,-0.73453,-46.733,10.516,138.43,155.74,-155.76,-46.733,-0.018125,-138.43,0.9977,-0.067558,0,0,0,1,0.067558,0.9977,0,-202.51,-0.48763,71886,64162,64162,64162,-1,8041,1,0.805,0.805,-0.1,0
-0.00099283,0.015132,0,-153.71,-0.72722,-46.332,10.251,137.2,154.36,-154.4,-46.332,-0.040095,-137.2,0.99778,-0.06643,0,0,0,1,0.06643,0.99778,0,-200.77,-0.48776,71886,64162,64162,64162,-1,8041,1,0.81,0.81,-0.1,0
-0.00099625,0.015147,0,-152.38,-0.71791,-45.929,9.9849,135.97,152.98,-153.04,-45.929,-0.059962,-135.97,0.99785,-0.065277,0,0,0,1,0.065277,0.99785,0,-199.03,-0.48788,71886,64162,64162,64162,-1,8041,1,0.815,0.815,-0.1,0
-0.00099964,0.015162,0,-151.04,-0.70658,-45.524,9.717,134.75,151.59,-151.67,-45.524,-0.077726,-134.75,0.99793,-0.064098,0,0,0,1,0.064098,0.99793,0,-197.27,-0.48799,71886,64162,64162,64162,-1,8041,1,0.82,0.82,-0.1,0
-0.001003,0.015177,0,-149.7,-0.69325,-45.118,9.4475,133.52,150.21,-150.3,-45.118,-0.093386,-133.52,0.99801,-0.062895,0,0,0,1,0.062895,0.99801,0,-195.51,-0.48809,71886,64162,64162,64162,-1,8041,1,0.825,0.825,-0.1,0
-0.0010063,0.015192,0,-148.36,-0.67791,-44.71,9.1764,132.28,148.82,-148.93,-44.71,-0.10694,-132.28,0.99808,-0.061666,0,0,0,1,0.061666,0.99808,0,-193.75,-0.48819,71886,64162,64162,64162,-1,8041,1,0.83,0.83,-0.1,0
-0.0010096,0.015206,0,-147.01,-0.66056,-44.301,8.9038,131.05,147.43,-147.55,-44.301,-0.1184,-131.05,0.99816,-0.060413,0,0,0,1,0.060413,0.99816,0,-191.97,-0.48827,71886,64162,64162,64162,-1,8041,1,0.835,0.835,-0.1,0
-0.0010129,0.015221,0,-145.66,-0.6412,-43.89,8.6295,129.82,146.04,-146.17,-43.89,-0.12775,-129.82,0.99824,-0.059133,0,0,0,1,0.059133,0.99824,0,-190.19,-0.48835,71886,64162,64162,64162,-1,8041,1,0.84,0.84,-0.1,0
-0.0010161,0.015235,0,-144.3,-0.61984,-43.477,8.3537,128.58,144.65,-144.79,-43.477,-0.135,-128.58,0.99832,-0.057829,0,0,0,1,0.057829,0.99832,0,-188.4,-0.48842,71886,64162,64162,64162,-1,8041,1,0.845,0.845,-0.1,0
-0.0010194,0.01525,0,-143.32,-0.60678,-43.179,8.1779,127.69,143.65,-143.79,-43.179,-0.13951,-127.69,0.99837,-0.057031,0,0,0,1,0.057031,0.99837,0,-187.11,-0.48846,71463,63786,63786,63786,-1,7994,1,0.85,0.85,-0.1,0
-0.0010226,0.015264,0,-142.6,-0.59988,-42.959,8.0703,127.04,142.91,-143.05,-42.959,-0.14269,-127.04,0.9984,-0.05658,0,0,0,1,0.05658,0.9984,0,-186.16,-0.48849,71463,63786,63786,63786,-1,7994,1,0.855,0.855,-0.1,0
-0.0010258,0.015278,0,-141.87,-0.59243,-42.739,7.9623,126.38,142.17,-142.32,-42.739,-0.14527,-126.38,0.99843,-0.056118,0,0,0,1,0.056118,0.99843,0,-185.2,-0.48852,71463,63786,63786,63786,-1,7994,1,0.86,0.86,-0.1,0
-0.001029,0.015292,0,-141.14,-0.58441,-42.518,7.8538,125.72,141.43,-141.58,-42.518,-0.14724,-125.72,0.99845,-0.055647,0,0,0,1,0.055647,0.99845,0,-184.24,-0.48854,71463,63786,63786,63786,-1,7994,1,0.865,0.865,-0.1,0
-0.0010322,0.015306,0,-140.41,-0.57584,-42.297,7.7448,125.06,140.69,-140.84,-42.297,-0.14861,-125.06,0.99848,-0.055166,0,0,0,1,0.055166,0.99848,0,-183.29,-0.48855,71463,63786,63786,63786,-1,7994,1,0.87,0.87,-0.1,0
-0.0010353,0.01532,0,-139.68,-0.56671,-42.075,7.6353,124.4,139.95,-140.1,-42.075,-0.14937,-124.4,0.99851,-0.054675,0,0,0,1,0.054675,0.99851,0,-182.32,-0.48856,71463,63786,63786,63786,-1,7994,1,0.875,0.875,-0.1,0
-0.0010385,0.015334,0,-138.95,-0.55703,-41.852,7.5253,123.75,139.21,-139.36,-41.852,-0.14953,-123.75,0.99853,-0.054174,0,0,0,1,0.054174,0.99853,0,-181.36,-0.48857,71463,63786,63786,63786,-1,7994,1,0.88,0.88,-0.1,0
-0.0010416,0.015348,0,-138.22,-0.54678,-41.629,7.4148,123.09,138.47,-138.62,-41.629,-0.14908,-123.09,0.99856,-0.053662,0,0,0,1,0.053662,0.99856,0,-180.39,-0.48857,71463,63786,63786,63786,-1,7994,1,0.885,0.885,-0.1,0
-0.0010447,0.015362,0,-137.48,-0.53598,-41.406,7.3039,122.43,137.72,-137.87,-41.406,-0.14803,-122.43,0.99859,-0.053141,0,0,0,1,0.053141,0.99859,0,-179.43,-0.48857,71463,63786,63786,63786,-1,7994,1,0.89,0.89,-0.1,0
-0.0010478,0.015376,0,-136.75,-0.52462,-41.182,7.1924,121.76,136.98,-137.13,-41.182,-0.14638,-121.76,0.99862,-0.05261,0,0,0,1,0.05261,0.99862,0,-178.46,-0.48856,71463,63786,63786,63786,-1,7994,1,0.895,0.895,-0.1,0
-0.0010509,0.015389,0,-136.01,-0.51271,-40.958,7.0805,121.1,136.24,-136.38,-40.958,-0.14412,-121.1,0.99865,-0.052068,0,0,0,1,0.052068,0.99865,0,-177.48,-0.48854,71463,63786,63786,63786,-1,7994,1,0.9,0.9,-0.1,0
